60	63.6	53.4	45.4	39.2	34.3	30.6	27.8	25.7	24.1	22.9	22.1	21.5	21	20.7	20.5	20.3	20.2	20.2	20.1	20.1	20	20	20	20	20	20	20	20	20	20	20	20	20	20	20	20	20	20	20	20	20	20	20	20	20	20
120	109.2	93.7	80.8	69.8	60.6	52.9	46.5	41.3	37	33.4	30.6	28.3	26.5	25	23.9	23	22.3	21.7	21.3	21	20.7	20.5	20.4	20.3	20.2	20.2	20.1	20.1	20.1	20	20	20	20	20	20	20	20	20	20	20	20	20	20	20	20	20
180	147.1	126.8	110.6	97.5	86.1	76.2	67.6	60.1	53.6	48.1	43.4	39.3	35.9	33.1	30.7	28.7	27	25.7	24.5	23.6	22.9	22.3	21.8	21.4	21.1	20.9	20.7	20.5	20.4	20.3	20.2	20.1	20.1	20	20	20	20	20	20	20	20	20	20	20	20	20
240	194.6	161	138.3	121.8	108.2	96.9	86.9	78.1	70.2	63.3	57.1	51.8	47.1	43	39.5	36.4	33.8	31.6	29.6	28	26.6	25.5	24.5	23.7	23	22.4	22	21.6	21.3	21	20.8	20.5	20.3	20.2	20.1	20.1	20	20	20	20	20	20	20	20	20	20
300	242.3	204.3	171.8	146.6	129.9	116.1	104.5	94.6	85.8	77.8	70.7	64.3	58.7	53.6	49.1	45.2	41.7	38.6	36	33.6	31.6	29.8	28.3	27	25.9	24.9	24.1	23.4	22.8	22.4	21.9	21.3	20.9	20.6	20.4	20.2	20.1	20.1	20.1	20	20	20	20	20	20	20
360	287.6	246.2	210.3	179.2	153	135.8	122.1	110.3	100.4	91.7	83.7	76.6	70.1	64.2	59	54.3	50.1	46.3	42.9	40	37.3	35	33	31.2	29.6	28.2	27	26	25.1	24.3	23.6	22.6	21.8	21.2	20.8	20.6	20.4	20.3	20.2	20.1	20.1	20	20	20	20	20
420	329.9	285.4	246.8	213	183.4	157.7	139.9	126.5	114.8	104.8	96.2	88.3	81.2	74.7	68.8	63.5	58.6	54.2	50.3	46.7	43.6	40.7	38.1	35.9	33.9	32.1	30.5	29.1	27.9	26.8	25.8	24.3	23.1	22.2	21.6	21.1	20.8	20.5	20.4	20.3	20.2	20.1	20.1	20.1	20	20
480	369	322	281.1	245.1	213.4	185.3	160.7	142.6	129.5	118.1	108.2	99.6	92	84.9	78.5	72.6	67.2	62.3	57.8	53.7	50	46.7	43.7	41	38.6	36.4	34.4	32.7	31.1	29.7	28.5	26.4	24.8	23.6	22.6	21.9	21.4	21	20.7	20.5	20.4	20.3	20.2	20.1	20.1	20.1
540	405	356	313.1	275.3	241.8	212	185.4	162	144.3	131.5	120.4	110.7	102.2	94.7	87.8	81.4	75.6	70.2	65.3	60.8	56.7	52.9	49.5	46.4	43.5	41	38.7	36.6	34.7	33	31.5	28.9	26.8	25.2	23.9	23	22.2	21.6	21.2	20.9	20.6	20.5	20.4	20.3	20.2	20.2
600	437.9	387.3	342.8	303.5	268.5	237.3	209.3	184.3	162.1	145	132.7	121.9	112.5	104.1	96.8	90	83.8	78	72.7	67.8	63.3	59.2	55.4	51.9	48.7	45.8	43.1	40.7	38.5	36.5	34.7	31.7	29.1	27.1	25.5	24.2	23.2	22.5	21.9	21.4	21	20.8	20.6	20.5	20.4	20.4
660	467.8	416.2	370.4	329.9	293.6	261.2	232.1	205.8	182.2	161.2	145	133.2	122.8	113.6	105.5	98.4	91.8	85.7	80	74.7	69.9	65.4	61.3	57.5	53.9	50.7	47.8	45.1	42.6	40.3	38.2	34.7	31.7	29.3	27.3	25.7	24.5	23.5	22.7	22.1	21.6	21.2	21	20.8	20.7	20.7
720	495.1	442.7	396.1	354.4	317.2	283.7	253.6	226.4	201.7	179.4	159.5	144.5	133.2	123.2	114.3	106.4	99.4	93	87.1	81.5	76.4	71.6	67.1	63	59.2	55.7	52.5	49.5	46.8	44.2	41.9	37.8	34.5	31.6	29.3	27.4	25.9	24.6	23.7	22.9	22.3	21.8	21.5	21.2	21.1	21.1
780	520	467.1	419.9	377.4	339.3	305	273.9	245.8	220.3	197.2	176.2	157.4	143.5	132.8	123.2	114.6	106.9	100.1	93.9	88.1	82.7	77.7	73	68.6	64.5	60.7	57.2	54	51	48.2	45.7	41.2	37.4	34.2	31.5	29.3	27.5	26	24.8	23.8	23.1	22.5	22.1	21.8	21.6	21.6
840	542.8	489.5	441.9	398.8	360	324.9	293.2	264.3	238.1	214.1	192.3	172.5	155	142.2	132	122.8	114.5	107.2	100.6	94.5	88.9	83.6	78.7	74	69.7	65.7	62	58.5	55.3	52.3	49.5	44.6	40.4	36.8	33.8	31.3	29.2	27.5	26.1	25	24.1	23.4	22.8	22.5	22.3	22.2
900	563.6	510.1	462.2	418.8	379.4	343.7	311.4	281.9	255	230.4	207.9	187.3	168.6	152.5	140.7	131	122.2	114.2	107.1	100.7	94.9	89.4	84.2	79.4	74.9	70.7	66.7	63	59.6	56.4	53.4	48.1	43.5	39.6	36.3	33.5	31.1	29.2	27.5	26.2	25.2	24.3	23.7	23.3	23.1	23
960	582.7	529.1	481.1	437.5	397.7	361.5	328.6	298.5	271.1	246	222.9	201.7	182.3	164.6	149.8	139	129.7	121.3	113.7	106.8	100.7	95	89.7	84.7	79.9	75.5	71.4	67.5	63.9	60.5	57.4	51.7	46.7	42.5	38.9	35.8	33.1	30.9	29.1	27.6	26.4	25.5	24.8	24.3	24	23.9
1020	600.2	546.7	498.6	454.8	414.8	378.2	344.8	314.3	286.4	260.8	237.2	215.6	195.6	177.2	160.6	147.3	137.2	128.4	120.3	113	106.4	100.4	94.9	89.8	84.9	80.3	76	72	68.2	64.6	61.3	55.3	50	45.4	41.5	38.1	35.3	32.9	30.8	29.2	27.8	26.7	25.9	25.4	25	24.9
1080	616.5	563	515	471.1	430.9	394	360.2	329.4	301	275	251	228.8	208.4	189.5	172.3	156.6	144.7	135.3	126.9	119.2	112.2	105.8	100.1	94.8	89.7	85	80.5	76.3	72.4	68.7	65.2	58.8	53.3	48.4	44.2	40.6	37.5	34.9	32.7	30.8	29.3	28.1	27.2	26.6	26.2	26.1
1140	631.4	578.2	530.2	486.3	446	408.9	374.8	343.6	314.9	288.5	264.1	241.6	220.7	201.4	183.6	167.3	153	142.2	133.4	125.3	118	111.2	105.1	99.6	94.4	89.6	85	80.6	76.5	72.7	69	62.4	56.6	51.5	47	43.2	39.8	37	34.6	32.6	30.9	29.6	28.7	28	27.6	27.4
1200	645.4	592.4	544.5	500.6	460.2	423.1	388.7	357.2	328.2	301.5	276.7	253.8	232.6	213	194.7	177.9	162.5	149.5	139.8	131.4	123.7	116.7	110.2	104.4	99.1	94.1	89.3	84.8	80.6	76.6	72.9	66	59.9	54.6	49.9	45.8	42.2	39.2	36.6	34.4	32.7	31.3	30.2	29.4	29	28.9
1260	658.3	605.8	557.9	514.1	473.7	436.4	402	370.2	340.9	313.8	288.8	265.6	244.1	224.1	205.5	188.3	172.4	157.8	146.4	137.4	129.4	122.1	115.3	109.2	103.5	98.4	93.6	89	84.6	80.5	76.7	69.5	63.2	57.6	52.7	48.4	44.7	41.5	38.7	36.4	34.5	33	31.9	31.1	30.6	30.4
1320	670.5	618.3	570.6	526.8	486.4	449.1	414.6	382.6	353	325.7	300.4	277	255.1	234.9	216	198.4	182	167	153.6	143.4	135.1	127.4	120.4	114	108.1	102.6	97.7	93	88.6	84.4	80.4	73.1	66.5	60.7	55.6	51.1	47.2	43.8	40.9	38.5	36.5	34.9	33.6	32.8	32.2	32.1
1380	681.9	630	582.6	538.9	498.5	461.2	426.6	394.4	364.7	337.1	311.6	287.9	265.8	245.2	226.1	208.2	191.5	176.1	161.8	149.8	140.6	132.8	125.5	118.8	112.6	106.9	101.7	97	92.4	88.1	84.1	76.6	69.8	63.8	58.5	53.8	49.8	46.2	43.2	40.6	38.5	36.8	35.5	34.6	34	33.8
1440	692.6	641.1	594	550.3	510	472.7	438	405.8	375.8	348.1	322.3	298.4	276.1	255.3	235.8	217.7	200.8	185	170.4	156.9	146.4	138	130.5	123.5	117.1	111.2	105.8	100.9	96.2	91.9	87.7	80	73.1	66.9	61.4	56.6	52.4	48.7	45.5	42.8	40.6	38.8	37.4	36.5	35.9	35.7
1500	702.7	651.6	604.7	561.2	521	483.6	449	416.6	386.6	358.6	332.7	308.5	286	265	245.3	227	209.8	193.7	178.7	164.8	152.7	143.3	135.5	128.3	121.7	115.5	109.9	104.7	99.9	95.5	91.2	83.4	76.3	70	64.4	59.4	55	51.2	47.9	45.1	42.8	40.9	39.5	38.5	37.9	37.7
1560	712.2	661.5	615	571.6	531.4	494.1	459.4	427.1	396.9	368.8	342.6	318.3	295.6	274.4	254.5	235.9	218.5	202.2	187	172.8	159.6	148.8	140.4	133	126.2	119.8	114	108.6	103.6	99.1	94.7	86.8	79.5	73.1	67.3	62.2	57.7	53.7	50.3	47.4	45	43.1	41.6	40.5	39.9	39.7
1620	721.3	670.9	624.7	581.5	541.4	504.2	469.5	437.1	406.8	378.6	352.3	327.8	304.9	283.5	263.4	244.6	227	210.5	195	180.5	167.1	155	145.4	137.7	130.6	124.1	118	112.4	107.3	102.5	98.1	90	82.7	76.1	70.2	65	60.4	56.3	52.8	49.8	47.3	45.3	43.8	42.7	42	41.8
1680	729.9	679.9	634	591	551	513.8	479.1	446.7	416.4	388	361.6	336.9	313.9	292.3	272.1	253.1	235.3	218.6	202.9	188.2	174.4	161.7	150.8	142.3	135	128.3	122.1	116.3	111	106.1	101.6	93.3	85.9	79.2	73.2	67.8	63.1	58.9	55.3	52.2	49.7	47.6	46	44.9	44.2	44
1740	738.1	688.4	642.8	600.1	560.2	523	488.3	455.9	425.6	397.2	370.6	345.8	322.6	300.9	280.5	261.3	243.4	226.5	210.6	195.7	181.7	168.7	156.7	147.1	139.4	132.5	126.1	120.2	114.6	109.5	104.8	96.5	88.9	82.2	76.1	70.6	65.8	61.5	57.8	54.7	52.1	50	48.3	47.2	46.5	46.2
1800	746	696.6	651.3	608.8	569	531.9	497.2	464.8	434.5	406	379.3	354.4	331	309.2	288.6	269.4	251.2	234.2	218.1	203	188.8	175.5	163.2	152.3	143.8	136.7	130.1	124	118.4	113.1	108.2	99.6	92	85.1	78.9	73.4	68.5	64.2	60.4	57.2	54.5	52.3	50.7	49.5	48.8	48.5
1860	753.5	704.4	659.4	617.2	577.5	540.4	505.8	473.4	443.1	414.5	387.8	362.7	339.2	317.2	296.6	277.2	258.9	241.7	225.5	210.2	195.8	182.3	169.7	158	148.5	140.8	134.1	127.9	122	116.6	111.6	102.7	95	88.1	81.8	76.2	71.2	66.8	63	59.7	57	54.8	53.1	51.8	51.1	50.9
1920	760.6	711.9	667.2	625.2	585.6	548.7	514.1	481.7	451.4	422.8	396	370.8	347.2	325.1	304.3	284.8	266.3	249	232.7	217.2	202.7	189	176.2	164.2	153.5	145.1	138.1	131.7	125.7	120.2	115	105.8	98	91	84.6	79	73.9	69.5	65.6	62.3	59.5	57.2	55.5	54.3	53.5	53.3
1980	767.5	719.1	674.7	632.9	593.5	556.6	522.1	489.8	459.4	430.8	403.9	378.7	355	332.7	311.8	292.2	273.6	256.1	239.7	224.1	209.4	195.6	182.6	170.4	159	149.6	142	135.5	129.4	123.7	118.4	108.9	100.9	93.8	87.5	81.7	76.6	72.1	68.2	64.8	62	59.7	57.9	56.7	55.9	55.7
2040	774.1	726	681.9	640.3	601.1	564.3	529.8	497.5	467.1	438.6	411.7	386.3	362.5	340.2	319.2	299.4	280.7	263.1	246.5	230.8	216	202.1	188.9	176.5	164.9	154.5	146.1	139.2	133	127.2	121.8	112	103.7	96.6	90.2	84.5	79.3	74.8	70.8	67.4	64.5	62.2	60.4	59.2	58.4	58.1
2100	780.5	732.6	688.8	647.5	608.5	571.7	537.3	505	474.7	446.1	419.2	393.8	369.9	347.4	326.3	306.4	287.7	270	253.2	237.4	222.5	208.4	195.1	182.5	170.7	159.7	150.5	143	136.6	130.7	125.2	115.2	106.7	99.4	93	87.2	82	77.4	73.4	70	67.1	64.7	62.9	61.6	60.9	60.6
2160	786.6	739	695.4	654.4	615.6	578.9	544.6	512.3	482	453.4	426.5	401	377.1	354.5	333.3	313.3	294.5	276.6	259.8	243.9	228.9	214.6	201.2	188.4	176.5	165.3	155.2	147	140.2	134.2	128.5	118.3	109.6	102.1	95.6	89.8	84.6	80	76	72.6	69.6	67.3	65.5	64.2	63.4	63.1
2220	792.5	745.2	701.9	661	622.4	585.9	551.6	519.4	489.1	460.5	433.5	408.1	384	361.4	340.1	320.1	301.1	283.2	266.3	250.2	235.1	220.7	207.2	194.3	182.2	170.9	160.2	151.2	143.9	137.6	131.9	121.5	112.5	104.8	98.3	92.5	87.3	82.6	78.6	75.1	72.2	69.8	68	66.7	65.9	65.6
2280	798.2	751.1	708.1	667.5	629.1	592.7	558.4	526.3	496	467.4	440.4	415	390.9	368.2	346.8	326.6	307.6	289.6	272.6	256.4	241.2	226.8	213.1	200.1	187.9	176.3	165.5	155.7	147.7	141.1	135.2	124.6	115.4	107.5	100.8	95	89.8	85.2	81.2	77.7	74.8	72.4	70.5	69.2	68.4	68.1
2340	803.7	756.9	714.1	673.7	635.5	599.2	565.1	532.9	502.7	474.1	447.2	421.7	397.5	374.8	353.3	333.1	313.9	295.9	278.7	262.5	247.2	232.7	218.9	205.8	193.5	181.8	170.8	160.6	151.8	144.6	138.5	127.8	118.4	110.3	103.4	97.5	92.4	87.8	83.7	80.2	77.3	74.9	73	71.7	70.9	70.7
2400	809.1	762.5	720	679.8	641.7	605.6	571.5	539.4	509.2	480.7	453.7	428.2	404.1	381.2	359.7	339.4	320.2	302	284.8	268.5	253.1	238.5	224.6	211.4	199	187.2	176.1	165.7	156.1	148.3	141.8	130.9	121.3	113	106	100	94.9	90.3	86.2	82.8	79.8	77.4	75.6	74.2	73.4	73.2
2460	814.2	767.9	725.6	685.6	647.8	611.8	577.8	545.8	515.6	487.1	460.1	434.6	410.4	387.5	365.9	345.6	326.3	308	290.8	274.4	258.9	244.2	230.2	217	204.4	192.5	181.3	170.7	160.8	152.2	145.3	134	124.2	115.8	108.5	102.4	97.3	92.7	88.7	85.2	82.3	79.9	78.1	76.8	76	75.7
2520	819.2	773.2	731.1	691.3	653.6	617.9	583.9	551.9	521.8	493.3	466.3	440.8	416.6	393.7	372.1	351.6	332.3	313.9	296.6	280.2	264.6	249.8	235.7	222.4	209.8	197.8	186.4	175.7	165.7	156.4	148.9	137.1	127.2	118.5	111.1	104.9	99.6	95.1	91.1	87.7	84.8	82.4	80.6	79.3	78.5	78.2
2580	824.1	778.3	736.5	696.9	659.3	623.7	589.9	558	527.8	499.4	472.4	446.9	422.7	399.8	378.1	357.5	338.1	319.8	302.3	285.8	270.1	255.3	241.2	227.8	215	203	191.5	180.7	170.5	161	152.6	140.1	130.1	121.3	113.7	107.3	101.9	97.4	93.5	90.1	87.2	84.9	83	81.7	80.9	80.7
2640	828.8	783.3	741.7	702.3	664.9	629.4	595.7	563.8	533.7	505.3	478.4	452.8	428.7	405.7	383.9	363.4	343.9	325.4	308	291.4	275.6	260.7	246.5	233	220.2	208.1	196.5	185.6	175.3	165.6	156.7	143.2	133	124.1	116.3	109.8	104.2	99.7	95.8	92.5	89.6	87.3	85.5	84.2	83.4	83.1
2700	833.4	788.1	746.7	707.5	670.3	635	601.4	569.6	539.5	511.1	484.2	458.7	434.5	411.5	389.7	369.1	349.5	331	313.5	296.8	281	266	251.8	238.2	225.4	213.1	201.5	190.5	180.1	170.3	161.1	146.5	135.8	126.8	118.9	112.2	106.5	101.9	98	94.7	91.9	89.7	87.9	86.6	85.8	85.6
2760	837.8	792.8	751.7	712.6	675.6	640.4	606.9	575.2	545.1	516.8	489.9	464.4	440.2	417.2	395.4	374.7	355.1	336.5	318.9	302.2	286.4	271.3	257	243.4	230.4	218.1	206.4	195.3	184.8	174.9	165.6	149.9	138.7	129.5	121.5	114.7	108.9	104.1	100.2	96.9	94.2	92	90.2	88.9	88.2	87.9
2820	842.1	797.4	756.5	717.6	680.8	645.7	612.3	580.6	550.7	522.3	495.4	469.9	445.8	422.8	400.9	380.2	360.6	341.9	324.3	307.5	291.6	276.5	262.1	248.4	235.4	223	211.3	200.1	189.5	179.5	170.1	153.5	141.6	132.3	124.2	117.1	111.2	106.2	102.2	99	96.4	94.2	92.5	91.2	90.5	90.3
2880	846.4	801.9	761.2	722.5	685.8	650.9	617.6	586	556.1	527.7	500.9	475.4	451.2	428.2	406.4	385.6	365.9	347.3	329.5	312.7	296.8	281.6	267.1	253.4	240.3	227.9	216.1	204.9	194.2	184.1	174.6	157.3	144.6	135	126.8	119.6	113.5	108.4	104.3	101	98.4	96.3	94.7	93.5	92.8	92.5
2940	850.5	806.3	765.7	727.3	690.7	655.9	622.8	591.2	561.4	533.1	506.2	480.8	456.6	433.6	411.7	390.9	371.2	352.5	334.7	317.9	301.8	286.6	272.1	258.3	245.2	232.7	220.8	209.5	198.8	188.6	179	161.4	147.7	137.7	129.3	122.1	115.8	110.6	106.3	102.9	100.3	98.3	96.7	95.6	94.9	94.7
3000	854.5	810.6	770.2	731.9	695.5	660.9	627.9	596.4	566.5	538.3	511.5	486	461.8	438.9	417	396.2	376.4	357.6	339.8	322.9	306.8	291.6	277	263.2	250	237.5	225.5	214.2	203.4	193.1	183.4	165.6	150.9	140.4	131.9	124.5	118.2	112.8	108.4	104.9	102.1	100.1	98.7	97.6	97	96.7
3060	858.4	814.7	774.6	736.4	700.2	665.7	632.8	601.4	571.6	543.4	516.6	491.2	467	444	422.1	401.3	381.5	362.7	344.9	327.9	311.8	296.4	281.8	267.9	254.7	242.1	230.1	218.7	207.9	197.5	187.7	169.8	154.4	143.2	134.5	127	120.5	115	110.5	106.8	103.9	101.8	100.3	99.4	98.8	98.6
3120	862.2	818.8	778.9	740.9	704.8	670.4	637.6	606.4	576.6	548.4	521.7	496.2	472.1	449.1	427.2	406.4	386.5	367.7	349.8	332.8	316.6	301.3	286.6	272.7	259.4	246.7	234.7	223.2	212.3	202	192.1	174	157.9	146	137	129.4	122.8	117.2	112.5	108.7	105.7	103.4	101.8	100.7	100.2	100.1
3180	865.9	822.7	783	745.2	709.3	675	642.4	611.2	581.5	553.3	526.6	501.2	477.1	454.1	432.2	411.3	391.5	372.6	354.7	337.6	321.4	306	291.3	277.3	264	251.3	239.2	227.7	216.7	206.3	196.4	178	161.8	148.9	139.6	131.8	125.1	119.4	114.5	110.6	107.4	105	103.2	102	101.3	101
3240	869.6	826.6	787.1	749.5	713.7	679.6	647	615.9	586.3	558.2	531.5	506.1	482	459	437.1	416.3	396.4	377.5	359.5	342.4	326.2	310.7	296	281.9	268.6	255.8	243.7	232.1	221.1	210.6	200.6	182.1	165.7	152	142.1	134.2	127.4	121.5	116.6	112.4	109.1	106.5	104.6	103.3	102.5	102.2
3300	873.2	830.4	791.1	753.7	718	684	651.6	620.6	591	562.9	536.3	510.9	486.8	463.8	441.9	421.1	401.2	382.2	364.2	347.1	330.8	315.3	300.5	286.5	273	260.3	248.1	236.5	225.4	214.9	204.8	186.2	169.6	155.3	144.7	136.6	129.7	123.7	118.6	114.3	110.9	108.1	106.1	104.7	103.8	103.5
3360	876.6	834.1	795.1	757.8	722.2	688.3	656	625.2	595.7	567.6	541	515.6	491.5	468.6	446.7	425.8	405.9	386.9	368.9	351.7	335.4	319.9	305.1	290.9	277.5	264.7	252.4	240.8	229.7	219.1	209	190.3	173.5	158.7	147.4	139	131.9	125.8	120.6	116.2	112.6	109.8	107.6	106.1	105.2	104.9
3420	880.1	837.8	798.9	761.8	726.4	692.6	660.4	629.6	600.2	572.2	545.6	520.3	496.2	473.2	451.4	430.5	410.6	391.6	373.5	356.3	340	324.4	309.5	295.4	281.9	269	256.7	245	233.9	223.2	213.1	194.2	177.3	162.3	150.1	141.3	134.1	127.9	122.6	118.1	114.4	111.4	109.2	107.6	106.7	106.4
3480	883.4	841.3	802.7	765.7	730.4	696.8	664.7	634	604.7	576.7	550.1	524.8	500.8	477.8	456	435.1	415.2	396.2	378.1	360.8	344.4	328.8	313.9	299.7	286.2	273.3	261	249.2	238	227.3	217.1	198.2	181.1	165.9	153.1	143.7	136.4	130	124.6	120	116.2	113.1	110.8	109.2	108.2	107.9
3540	886.7	844.8	806.4	769.5	734.4	700.9	668.9	638.3	609.1	581.1	554.6	529.3	505.3	482.3	460.5	439.6	419.7	400.7	382.5	365.3	348.9	333.2	318.3	304	290.5	277.5	265.1	253.4	242.1	231.4	221.2	202.1	184.9	169.5	156.2	146.2	138.6	132.2	126.6	121.9	118	114.9	112.5	110.8	109.8	109.5
3600	889.9	848.2	810	773.3	738.3	704.9	673.1	642.6	613.4	585.5	559	533.7	509.7	486.8	464.9	444.1	424.2	405.1	387	369.7	353.2	337.5	322.6	308.3	294.7	281.7	269.3	257.5	246.2	235.4	225.1	206	188.7	173.1	159.4	148.7	140.8	134.3	128.6	123.8	119.9	116.7	114.2	112.5	111.5	111.1
3620	890.9	849.3	811.2	774.6	739.6	706.3	674.4	644	614.8	586.9	560.4	535.2	511.2	488.3	466.4	445.6	425.6	406.6	388.4	371.1	354.7	339	324	309.7	296.1	283.1	270.7	258.8	247.5	236.7	226.4	207.3	189.9	174.3	160.5	149.6	141.5	135	129.3	124.5	120.5	117.3	114.8	113	112	111.7
3640	892	850.4	812.4	775.8	740.9	707.6	675.8	645.3	616.2	588.4	561.9	536.7	512.6	489.7	467.9	447	427.1	408.1	389.9	372.6	356.1	340.4	325.4	311.1	297.5	284.4	272	260.2	248.8	238.1	227.8	208.6	191.1	175.5	161.6	150.5	142.3	135.7	130	125.1	121.1	117.9	115.4	113.6	112.6	112.2
3660	893	851.6	813.6	777	742.2	708.9	677.1	646.7	617.6	589.8	563.3	538.1	514.1	491.2	469.3	448.5	428.6	409.5	391.3	374	357.5	341.8	326.8	312.5	298.8	285.8	273.4	261.5	250.2	239.4	229.1	209.8	192.4	176.7	162.8	151.4	143	136.4	130.7	125.8	121.7	118.5	116	114.2	113.1	112.8
3680	894.1	852.7	814.8	778.3	743.5	710.2	678.5	648.1	619	591.2	564.7	539.5	515.5	492.6	470.8	449.9	430	411	392.8	375.4	358.9	343.2	328.2	313.9	300.2	287.2	274.7	262.8	251.5	240.7	230.3	211.1	193.6	177.9	163.9	152.3	143.8	137.1	131.4	126.5	122.4	119.1	116.5	114.8	113.7	113.3
3700	895.1	853.7	815.9	779.5	744.7	711.5	679.8	649.5	620.4	592.6	566.2	541	517	494.1	472.2	451.4	431.4	412.4	394.2	376.9	360.4	344.6	329.6	315.3	301.6	288.5	276.1	264.2	252.8	242	231.6	212.4	194.8	179	165	153.3	144.6	137.8	132	127.1	123	119.7	117.1	115.3	114.3	113.9
3720	896.1	854.8	817.1	780.7	746	712.8	681.1	650.8	621.8	594	567.6	542.4	518.4	495.5	473.7	452.8	432.9	413.8	395.6	378.3	361.8	346	331	316.6	303	289.9	277.4	265.5	254.1	243.3	232.9	213.6	196.1	180.2	166.2	154.2	145.4	138.5	132.7	127.8	123.6	120.3	117.7	115.9	114.8	114.5
3740	897.1	855.9	818.2	781.9	747.2	714.1	682.4	652.2	623.2	595.4	569	543.8	519.8	496.9	475.1	454.2	434.3	415.3	397.1	379.7	363.2	347.4	332.4	318	304.3	291.2	278.8	266.8	255.5	244.6	234.2	214.9	197.3	181.4	167.3	155.2	146.2	139.2	133.4	128.4	124.3	120.9	118.3	116.5	115.4	115.1
3760	898.1	857	819.4	783.1	748.4	715.4	683.7	653.5	624.5	596.8	570.4	545.2	521.2	498.3	476.5	455.7	435.7	416.7	398.5	381.1	364.6	348.8	333.7	319.4	305.7	292.6	280.1	268.2	256.8	245.9	235.5	216.1	198.5	182.6	168.4	156.2	147	139.9	134.1	129.1	124.9	121.6	119	117.1	116	115.6
3780	899.1	858.1	820.5	784.3	749.7	716.6	685	654.8	625.9	598.2	571.8	546.6	522.6	499.8	477.9	457.1	437.2	418.1	399.9	382.5	366	350.2	335.1	320.7	307	293.9	281.4	269.5	258.1	247.2	236.8	217.4	199.7	183.8	169.6	157.1	147.8	140.6	134.8	129.8	125.6	122.2	119.6	117.7	116.6	116.2
3800	900.1	859.1	821.6	785.5	750.9	717.9	686.3	656.2	627.3	599.6	573.1	548	524	501.2	479.3	458.5	438.6	419.5	401.3	383.9	367.3	351.6	336.5	322.1	308.4	295.3	282.7	270.8	259.4	248.5	238	218.6	201	185	170.7	158.2	148.6	141.3	135.5	130.4	126.2	122.8	120.2	118.3	117.2	116.8
3820	901.1	860.2	822.7	786.6	752.1	719.1	687.6	657.5	628.6	600.9	574.5	549.4	525.4	502.6	480.7	459.9	440	420.9	402.7	385.3	368.7	352.9	337.8	323.5	309.7	296.6	284.1	272.1	260.6	249.7	239.3	219.9	202.2	186.2	171.8	159.2	149.4	142.1	136.2	131.1	126.9	123.4	120.8	118.9	117.8	117.4
3840	902.1	861.2	823.9	787.8	753.3	720.4	688.9	658.8	629.9	602.3	575.9	550.8	526.8	503.9	482.1	461.3	441.4	422.3	404.1	386.7	370.1	354.3	339.2	324.8	311	297.9	285.4	273.4	261.9	251	240.6	221.1	203.4	187.3	173	160.3	150.3	142.8	136.8	131.8	127.5	124.1	121.4	119.5	118.4	118
3860	903.1	862.3	825	789	754.5	721.6	690.2	660.1	631.3	603.7	577.3	552.1	528.2	505.3	483.5	462.7	442.8	423.7	405.5	388.1	371.5	355.6	340.5	326.1	312.4	299.2	286.7	274.7	263.2	252.3	241.8	222.3	204.6	188.5	174.1	161.4	151.1	143.5	137.5	132.4	128.2	124.7	122.1	120.2	119	118.6
3880	904.1	863.3	826.1	790.1	755.7	722.9	691.4	661.4	632.6	605	578.6	553.5	529.6	506.7	484.9	464.1	444.1	425.1	406.9	389.4	372.8	357	341.9	327.5	313.7	300.5	288	276	264.5	253.5	243.1	223.6	205.8	189.7	175.2	162.5	152	144.3	138.2	133.1	128.8	125.4	122.7	120.8	119.6	119.3
3900	905	864.3	827.2	791.3	756.9	724.1	692.7	662.7	633.9	606.3	580	554.9	530.9	508.1	486.3	465.4	445.5	426.5	408.2	390.8	374.2	358.4	343.2	328.8	315	301.9	289.3	277.3	265.8	254.8	244.3	224.8	207	190.8	176.3	163.5	152.9	145	138.9	133.8	129.5	126	123.3	121.4	120.3	119.9
3920	906	865.3	828.2	792.4	758.1	725.3	694	664	635.2	607.7	581.3	556.2	532.3	509.4	487.6	466.8	446.9	427.8	409.6	392.2	375.6	359.7	344.6	330.1	316.3	303.2	290.6	278.5	267	256.1	245.6	226	208.2	192	177.5	164.6	153.8	145.8	139.6	134.5	130.2	126.7	124	122	120.9	120.5
3940	907	866.4	829.3	793.5	759.3	726.5	695.2	665.2	636.5	609	582.7	557.6	533.6	510.8	489	468.2	448.3	429.2	411	393.5	376.9	361	345.9	331.4	317.6	304.5	291.9	279.8	268.3	257.3	246.8	227.2	209.4	193.2	178.6	165.7	154.7	146.6	140.3	135.2	130.8	127.3	124.6	122.7	121.5	121.1
3960	907.9	867.4	830.4	794.7	760.4	727.7	696.4	666.5	637.8	610.3	584	558.9	535	512.2	490.4	469.5	449.6	430.6	412.3	394.9	378.2	362.4	347.2	332.8	318.9	305.8	293.1	281.1	269.6	258.6	248.1	228.4	210.6	194.3	179.7	166.8	155.7	147.4	141	135.8	131.5	128	125.3	123.3	122.1	121.8
3980	908.8	868.4	831.5	795.8	761.6	728.9	697.7	667.8	639.1	611.6	585.3	560.2	536.3	513.5	491.7	470.9	451	431.9	413.7	396.2	379.6	363.7	348.5	334.1	320.2	307	294.4	282.4	270.8	259.8	249.3	229.7	211.8	195.5	180.8	167.8	156.6	148.2	141.7	136.5	132.2	128.6	125.9	124	122.8	122.4
4000	909.8	869.4	832.5	796.9	762.8	730.1	698.9	669	640.4	612.9	586.6	561.6	537.7	514.8	493.1	472.2	452.3	433.3	415	397.6	380.9	365	349.9	335.4	321.5	308.3	295.7	283.6	272.1	261.1	250.5	230.9	212.9	196.7	182	169	157.6	149	142.4	137.2	132.8	129.3	126.6	124.6	123.4	123
4020	910.7	870.4	833.6	798	763.9	731.3	700.1	670.3	641.7	614.2	587.9	562.9	539	516.2	494.4	473.6	453.7	434.6	416.4	398.9	382.2	366.3	351.2	336.7	322.8	309.6	297	284.9	273.3	262.3	251.8	232.1	214.1	197.8	183.1	170	158.6	149.8	143.1	137.9	133.5	130	127.2	125.2	124.1	123.7
4040	911.6	871.3	834.6	799.1	765.1	732.5	701.3	671.5	642.9	615.5	589.3	564.2	540.3	517.5	495.7	474.9	455	435.9	417.7	400.2	383.6	367.7	352.5	338	324.1	310.9	298.2	286.1	274.6	263.5	253	233.3	215.3	199	184.2	171.1	159.6	150.6	143.9	138.6	134.2	130.6	127.9	125.9	124.7	124.3
4060	912.6	872.3	835.7	800.2	766.2	733.7	702.5	672.7	644.2	616.8	590.6	565.5	541.6	518.8	497	476.2	456.3	437.3	419	401.6	384.9	369	353.8	339.3	325.4	312.2	299.5	287.4	275.8	264.8	254.2	234.5	216.5	200.1	185.4	172.2	160.6	151.4	144.6	139.2	134.9	131.3	128.5	126.6	125.4	125
4080	913.5	873.3	836.7	801.3	767.3	734.8	703.7	674	645.4	618.1	591.8	566.8	542.9	520.1	498.4	477.6	457.6	438.6	420.4	402.9	386.2	370.3	355.1	340.6	326.7	313.4	300.8	288.6	277.1	266	255.4	235.7	217.7	201.3	186.5	173.3	161.7	152.3	145.3	139.9	135.6	132	129.2	127.2	126	125.6
4100	914.4	874.3	837.7	802.4	768.5	736	704.9	675.2	646.7	619.4	593.1	568.1	544.2	521.5	499.7	478.9	459	439.9	421.7	404.2	387.5	371.6	356.4	341.8	328	314.7	302	289.9	278.3	267.2	256.6	236.9	218.8	202.5	187.6	174.4	162.7	153.2	146.1	140.6	136.2	132.6	129.9	127.9	126.7	126.3
4120	915.3	875.2	838.8	803.5	769.6	737.2	706.1	676.4	647.9	620.6	594.4	569.4	545.5	522.8	501	480.2	460.3	441.2	423	405.5	388.8	372.9	357.7	343.1	329.2	315.9	303.3	291.1	279.5	268.4	257.9	238.1	220	203.6	188.7	175.5	163.8	154.1	146.9	141.3	136.9	133.3	130.5	128.5	127.4	127
4140	916.2	876.2	839.8	804.6	770.7	738.3	707.3	677.6	649.2	621.9	595.7	570.7	546.8	524.1	502.3	481.5	461.6	442.5	424.3	406.8	390.1	374.2	358.9	344.4	330.5	317.2	304.5	292.4	280.8	269.7	259.1	239.2	221.2	204.8	189.9	176.5	164.8	155	147.6	142	137.6	134	131.2	129.2	128	127.6
4160	917.1	877.1	840.8	805.6	771.8	739.4	708.5	678.8	650.4	623.1	597	572	548.1	525.3	503.6	482.8	462.9	443.8	425.6	408.1	391.4	375.5	360.2	345.7	331.7	318.5	305.7	293.6	282	270.9	260.3	240.4	222.4	205.9	191	177.6	165.9	155.9	148.4	142.7	138.3	134.7	131.9	129.9	128.7	128.3
4180	918	878.1	841.8	806.7	772.9	740.6	709.7	680	651.6	624.4	598.2	573.2	549.4	526.6	504.9	484.1	464.2	445.1	426.9	409.4	392.7	376.7	361.5	346.9	333	319.7	307	294.8	283.2	272.1	261.5	241.6	223.5	207	192.1	178.7	166.9	156.8	149.2	143.4	139	135.4	132.6	130.6	129.4	129
4200	918.9	879	842.8	807.8	774	741.7	710.8	681.2	652.8	625.6	599.5	574.5	550.7	527.9	506.2	485.4	465.5	446.4	428.2	410.7	394	378	362.8	348.2	334.3	320.9	308.2	296.1	284.4	273.3	262.7	242.8	224.7	208.2	193.2	179.8	168	157.8	150	144.2	139.6	136	133.2	131.2	130	129.6
4220	919.7	880	843.8	808.8	775.1	742.8	712	682.4	654.1	626.9	600.7	575.8	551.9	529.2	507.4	486.7	466.8	447.7	429.5	412	395.3	379.3	364	349.4	335.5	322.2	309.5	297.3	285.6	274.5	263.9	244	225.8	209.3	194.4	180.9	169	158.8	150.8	144.9	140.3	136.7	133.9	131.9	130.7	130.3
4240	920.6	880.9	844.8	809.9	776.2	744	713.1	683.6	655.3	628.1	602	577	553.2	530.5	508.7	487.9	468	449	430.8	413.3	396.5	380.6	365.3	350.7	336.8	323.4	310.7	298.5	286.8	275.7	265.1	245.1	227	210.5	195.5	182	170.1	159.8	151.7	145.7	141	137.4	134.6	132.6	131.4	131
4260	921.5	881.8	845.8	810.9	777.3	745.1	714.3	684.8	656.5	629.3	603.2	578.3	554.5	531.7	510	489.2	469.3	450.3	432	414.6	397.8	381.8	366.5	351.9	338	324.7	311.9	299.7	288.1	276.9	266.2	246.3	228.1	211.6	196.6	183.1	171.2	160.8	152.5	146.4	141.7	138.1	135.3	133.3	132.1	131.7
4280	922.4	882.7	846.7	811.9	778.3	746.2	715.4	685.9	657.7	630.5	604.5	579.5	555.7	533	511.3	490.5	470.6	451.5	433.3	415.8	399.1	383.1	367.8	353.2	339.2	325.9	313.1	300.9	289.3	278.1	267.4	247.5	229.3	212.7	197.7	184.2	172.2	161.8	153.4	147.2	142.4	138.8	136	134	132.8	132.4
4300	923.2	883.7	847.7	813	779.4	747.3	716.6	687.1	658.8	631.7	605.7	580.8	557	534.2	512.5	491.7	471.8	452.8	434.6	417.1	400.3	384.3	369	354.4	340.5	327.1	314.3	302.1	290.5	279.3	268.6	248.7	230.4	213.9	198.8	185.3	173.3	162.8	154.3	147.9	143.1	139.5	136.7	134.7	133.5	133.1
4320	924.1	884.6	848.7	814	780.5	748.4	717.7	688.3	660	632.9	606.9	582	558.2	535.5	513.8	493	473.1	454.1	435.8	418.4	401.6	385.6	370.3	355.7	341.7	328.3	315.6	303.3	291.7	280.5	269.8	249.8	231.6	215	200	186.4	174.3	163.8	155.2	148.7	143.9	140.2	137.4	135.3	134.1	133.7
4340	924.9	885.5	849.7	815	781.5	749.5	718.8	689.4	661.2	634.1	608.2	583.2	559.4	536.7	515	494.2	474.4	455.3	437.1	419.6	402.9	386.8	371.5	356.9	342.9	329.5	316.8	304.5	292.8	281.7	271	251	232.7	216.1	201.1	187.5	175.4	164.9	156.1	149.5	144.6	140.8	138	136	134.8	134.4
4360	925.8	886.4	850.6	816	782.6	750.6	719.9	690.6	662.4	635.3	609.4	584.5	560.7	538	516.3	495.5	475.6	456.6	438.3	420.9	404.1	388.1	372.8	358.1	344.1	330.8	318	305.7	294	282.9	272.1	252.1	233.9	217.3	202.2	188.6	176.5	165.9	157	150.3	145.3	141.5	138.7	136.7	135.5	135.1
4380	926.6	887.3	851.6	817	783.6	751.7	721	691.7	663.5	636.5	610.6	585.7	561.9	539.2	517.5	496.7	476.9	457.8	439.6	422.1	405.4	389.3	374	359.4	345.4	332	319.2	306.9	295.2	284	273.3	253.3	235	218.4	203.3	189.7	177.5	167	157.9	151.1	146.1	142.2	139.4	137.4	136.2	135.8
4400	927.5	888.2	852.5	818	784.7	752.7	722.2	692.8	664.7	637.7	611.8	586.9	563.1	540.4	518.7	498	478.1	459.1	440.8	423.3	406.6	390.6	375.2	360.6	346.6	333.2	320.4	308.1	296.4	285.2	274.5	254.5	236.2	219.5	204.4	190.8	178.6	168	158.9	152	146.8	142.9	140.1	138.1	136.9	136.5
4420	928.3	889.1	853.5	819	785.7	753.8	723.3	694	665.9	638.9	613	588.1	564.4	541.7	520	499.2	479.3	460.3	442.1	424.6	407.8	391.8	376.4	361.8	347.8	334.4	321.6	309.3	297.6	286.4	275.7	255.6	237.3	220.6	205.5	191.9	179.7	169	159.9	152.8	147.6	143.7	140.8	138.8	137.6	137.2
4440	929.1	889.9	854.4	820	786.8	754.9	724.4	695.1	667	640.1	614.2	589.3	565.6	542.9	521.2	500.4	480.6	461.5	443.3	425.8	409.1	393	377.7	363	349	335.6	322.8	310.5	298.8	287.6	276.8	256.8	238.4	221.8	206.6	193	180.7	170.1	160.9	153.6	148.3	144.4	141.5	139.5	138.3	137.9
4460	930	890.8	855.3	821	787.8	755.9	725.4	696.2	668.2	641.2	615.4	590.5	566.8	544.1	522.4	501.7	481.8	462.8	444.5	427	410.3	394.2	378.9	364.2	350.2	336.8	324	311.7	300	288.7	278	257.9	239.6	222.9	207.7	194	181.8	171.1	161.9	154.5	149.1	145.1	142.2	140.2	139	138.6
4480	930.8	891.7	856.3	822	788.8	757	726.5	697.3	669.3	642.4	616.5	591.7	568	545.3	523.6	502.9	483	464	445.8	428.3	411.5	395.5	380.1	365.4	351.4	338	325.1	312.9	301.1	289.9	279.1	259.1	240.7	224	208.8	195.1	182.9	172.1	162.9	155.4	149.9	145.8	142.9	140.9	139.7	139.3
4500	931.6	892.6	857.2	823	789.8	758.1	727.6	698.4	670.4	643.5	617.7	592.9	569.2	546.5	524.8	504.1	484.2	465.2	447	429.5	412.7	396.7	381.3	366.6	352.6	339.2	326.3	314	302.3	291.1	280.3	260.2	241.8	225.1	210	196.2	184	173.2	163.9	156.3	150.7	146.6	143.6	141.6	140.4	140
4520	932.4	893.4	858.1	823.9	790.9	759.1	728.7	699.5	671.6	644.7	618.9	594.1	570.4	547.7	526	505.3	485.4	466.4	448.2	430.7	414	397.9	382.5	367.8	353.8	340.4	327.5	315.2	303.5	292.2	281.5	261.3	243	226.2	211.1	197.3	185	174.2	164.9	157.2	151.5	147.3	144.3	142.3	141.1	140.7
4540	933.2	894.3	859	824.9	791.9	760.1	729.8	700.6	672.7	645.8	620.1	595.3	571.6	548.9	527.2	506.5	486.7	467.6	449.4	431.9	415.2	399.1	383.7	369	355	341.5	328.7	316.4	304.6	293.4	282.6	262.5	244.1	227.4	212.2	198.4	186.1	175.3	166	158.2	152.3	148.1	145	143	141.8	141.4
4560	934	895.1	859.9	825.9	792.9	761.2	730.8	701.7	673.8	647	621.2	596.4	572.7	550.1	528.4	507.7	487.9	468.8	450.6	433.1	416.4	400.3	384.9	370.2	356.2	342.7	329.9	317.6	305.8	294.5	283.8	263.6	245.2	228.5	213.3	199.5	187.2	176.3	167	159.1	153.2	148.9	145.8	143.7	142.5	142.1
4580	934.8	896	860.8	826.8	793.9	762.2	731.9	702.8	674.9	648.1	622.4	597.6	573.9	551.3	529.6	508.9	489.1	470	451.8	434.3	417.6	401.5	386.1	371.4	357.3	343.9	331	318.7	306.9	295.7	284.9	264.8	246.4	229.6	214.4	200.6	188.3	177.4	168	160.1	154	149.6	146.5	144.4	143.1	142.7
4600	935.6	896.8	861.7	827.8	794.9	763.2	733	703.9	676	649.2	623.5	598.8	575.1	552.5	530.8	510.1	490.2	471.2	453	435.5	418.8	402.7	387.3	372.6	358.5	345.1	332.2	319.9	308.1	296.8	286.1	265.9	247.5	230.7	215.5	201.7	189.3	178.4	169	161.1	154.9	150.4	147.2	145.1	143.8	143.4
4620	936.4	897.7	862.6	828.7	795.9	764.3	734	705	677.1	650.4	624.7	599.9	576.3	553.6	532	511.3	491.4	472.4	454.2	436.7	420	403.9	388.5	373.8	359.7	346.2	333.4	321	309.3	298	287.2	267	248.6	231.8	216.6	202.8	190.4	179.5	170	162.1	155.7	151.2	148	145.8	144.5	144.1
4640	937.2	898.5	863.5	829.7	796.8	765.3	735.1	706.1	678.2	651.5	625.8	601.1	577.4	554.8	533.2	512.5	492.6	473.6	455.4	437.9	421.2	405.1	389.7	375	360.9	347.4	334.5	322.2	310.4	299.1	288.3	268.1	249.7	232.9	217.7	203.9	191.5	180.5	171.1	163	156.6	152	148.7	146.5	145.2	144.8
4660	938	899.4	864.4	830.6	797.8	766.3	736.1	707.1	679.3	652.6	626.9	602.3	578.6	556	534.3	513.6	493.8	474.8	456.6	439.1	422.3	406.3	390.9	376.1	362.1	348.6	335.7	323.4	311.6	300.3	289.5	269.3	250.8	234	218.8	205	192.6	181.6	172.1	164	157.5	152.8	149.5	147.2	145.9	145.5
4680	938.8	900.2	865.3	831.5	798.8	767.3	737.1	708.2	680.4	653.7	628.1	603.4	579.8	557.1	535.5	514.8	495	476	457.8	440.3	423.5	407.5	392	377.3	363.2	349.7	336.8	324.5	312.7	301.4	290.6	270.4	251.9	235.1	219.9	206.1	193.6	182.7	173.1	165	158.4	153.6	150.2	148	146.7	146.2
4700	939.5	901	866.2	832.5	799.8	768.3	738.2	709.3	681.5	654.8	629.2	604.6	580.9	558.3	536.7	516	496.2	477.2	458.9	441.5	424.7	408.6	393.2	378.5	364.4	350.9	338	325.7	313.9	302.6	291.7	271.5	253.1	236.2	221	207.1	194.7	183.7	174.1	166	159.4	154.5	151	148.7	147.4	146.9
4720	940.3	901.8	867.1	833.4	800.8	769.3	739.2	710.3	682.6	655.9	630.3	605.7	582.1	559.5	537.8	517.1	497.3	478.3	460.1	442.6	425.9	409.8	394.4	379.7	365.5	352.1	339.2	326.8	315	303.7	292.9	272.6	254.2	237.3	222	208.2	195.8	184.8	175.2	167	160.3	155.3	151.8	149.4	148.1	147.6
4740	941.1	902.6	867.9	834.3	801.7	770.3	740.2	711.4	683.7	657	631.4	606.8	583.2	560.6	539	518.3	498.5	479.5	461.3	443.8	427.1	411	395.6	380.8	366.7	353.2	340.3	328	316.1	304.8	294	273.8	255.3	238.4	223.1	209.3	196.9	185.8	176.2	168	161.3	156.1	152.6	150.2	148.8	148.4
4760	941.9	903.5	868.8	835.2	802.7	771.3	741.3	712.4	684.7	658.1	632.6	608	584.3	561.8	540.2	519.5	499.7	480.7	462.5	445	428.2	412.2	396.7	382	367.9	354.4	341.5	329.1	317.3	306	295.1	274.9	256.4	239.5	224.2	210.4	197.9	186.9	177.2	169	162.3	157	153.3	150.9	149.5	149.1
4780	942.6	904.3	869.7	836.1	803.6	772.3	742.3	713.5	685.8	659.2	633.7	609.1	585.5	562.9	541.3	520.6	500.8	481.8	463.6	446.2	429.4	413.3	397.9	383.1	369	355.5	342.6	330.2	318.4	307.1	296.3	276	257.5	240.6	225.3	211.5	199	187.9	178.3	170	163.2	157.9	154.1	151.7	150.3	149.8
4800	943.4	905.1	870.5	837	804.6	773.3	743.3	714.5	686.9	660.3	634.8	610.2	586.6	564	542.4	521.8	502	483	464.8	447.3	430.6	414.5	399.1	384.3	370.2	356.7	343.7	331.4	319.5	308.2	297.4	277.1	258.6	241.7	226.4	212.5	200.1	189	179.3	171	164.2	158.8	155	152.4	151	150.5
4820	944.1	905.9	871.4	837.9	805.5	774.3	744.3	715.5	687.9	661.4	635.9	611.3	587.7	565.2	543.6	522.9	503.1	484.1	465.9	448.5	431.7	415.6	400.2	385.4	371.3	357.8	344.9	332.5	320.7	309.3	298.5	278.2	259.7	242.8	227.5	213.6	201.2	190.1	180.3	172	165.2	159.7	155.8	153.2	151.7	151.3
4840	944.9	906.7	872.2	838.8	806.5	775.2	745.3	716.6	689	662.5	637	612.4	588.9	566.3	544.7	524.1	504.3	485.3	467.1	449.6	432.9	416.8	401.4	386.6	372.5	358.9	346	333.6	321.8	310.5	299.6	279.3	260.8	243.9	228.6	214.7	202.2	191.1	181.4	173	166.1	160.6	156.6	154	152.5	152
4860	945.6	907.5	873.1	839.7	807.4	776.2	746.3	717.6	690	663.5	638	613.5	590	567.4	545.9	525.2	505.4	486.4	468.2	450.8	434	418	402.5	387.7	373.6	360.1	347.1	334.8	322.9	311.6	300.7	280.4	261.9	245	229.7	215.8	203.3	192.2	182.4	174.1	167.1	161.6	157.5	154.8	153.2	152.7
4880	946.4	908.3	873.9	840.6	808.4	777.2	747.3	718.6	691.1	664.6	639.1	614.6	591.1	568.6	547	526.3	506.5	487.6	469.4	451.9	435.2	419.1	403.7	388.9	374.7	361.2	348.3	335.9	324	312.7	301.8	281.5	263	246.1	230.7	216.8	204.4	193.2	183.4	175.1	168.1	162.5	158.3	155.6	154	153.5
4900	947.1	909.1	874.7	841.5	809.3	778.2	748.3	719.6	692.1	665.7	640.2	615.7	592.2	569.7	548.1	527.5	507.7	488.7	470.5	453.1	436.3	420.2	404.8	390	375.9	362.4	349.4	337	325.2	313.8	303	282.6	264.1	247.2	231.8	217.9	205.4	194.3	184.5	176.1	169.1	163.4	159.2	156.4	154.8	154.3
4920	947.8	909.8	875.6	842.4	810.2	779.1	749.3	720.6	693.1	666.7	641.3	616.8	593.3	570.8	549.2	528.6	508.8	489.8	471.7	454.2	437.5	421.4	406	391.2	377	363.5	350.5	338.1	326.3	314.9	304.1	283.7	265.2	248.3	232.9	219	206.5	195.3	185.5	177.1	170	164.4	160.1	157.2	155.6	155
4940	948.6	910.6	876.4	843.3	811.1	780.1	750.3	721.7	694.2	667.8	642.4	617.9	594.4	571.9	550.4	529.7	509.9	491	472.8	455.3	438.6	422.5	407.1	392.3	378.2	364.6	351.7	339.3	327.4	316	305.2	284.8	266.3	249.3	234	220.1	207.5	196.4	186.5	178.1	171	165.3	161	158	156.4	155.8
4960	949.3	911.4	877.2	844.1	812	781	751.2	722.7	695.2	668.8	643.4	619	595.5	573	551.5	530.8	511.1	492.1	473.9	456.5	439.7	423.7	408.2	393.4	379.3	365.7	352.8	340.4	328.5	317.1	306.3	285.9	267.4	250.4	235	221.1	208.6	197.4	187.6	179.1	172	166.3	161.9	158.9	157.2	156.6
4980	950	912.2	878.1	845	813	782	752.2	723.7	696.2	669.9	644.5	620.1	596.6	574.1	552.6	531.9	512.2	493.2	475	457.6	440.9	424.8	409.4	394.6	380.4	366.9	353.9	341.5	329.6	318.2	307.4	287	268.4	251.5	236.1	222.2	209.7	198.5	188.6	180.1	173	167.2	162.8	159.7	158	157.4
5000	950.8	912.9	878.9	845.9	813.9	782.9	753.2	724.7	697.3	670.9	645.6	621.2	597.7	575.2	553.7	533.1	513.3	494.3	476.2	458.7	442	425.9	410.5	395.7	381.5	368	355	342.6	330.7	319.4	308.5	288.1	269.5	252.6	237.2	223.3	210.7	199.5	189.7	181.1	174	168.2	163.7	160.6	158.8	158.2
5020	951.5	913.7	879.7	846.7	814.8	783.9	754.2	725.7	698.3	671.9	646.6	622.3	598.8	576.3	554.8	534.2	514.4	495.5	477.3	459.9	443.1	427	411.6	396.8	382.7	369.1	356.1	343.7	331.8	320.5	309.6	289.2	270.6	253.7	238.3	224.3	211.8	200.6	190.7	182.1	175	169.1	164.7	161.5	159.6	159
5040	952.2	914.5	880.5	847.6	815.7	784.8	755.1	726.6	699.3	673	647.7	623.3	599.9	577.4	555.9	535.3	515.5	496.6	478.4	461	444.2	428.2	412.8	397.9	383.8	370.2	357.2	344.8	332.9	321.6	310.7	290.3	271.7	254.7	239.3	225.4	212.8	201.6	191.7	183.2	175.9	170.1	165.6	162.4	160.5	159.9
5060	952.9	915.2	881.3	848.4	816.6	785.7	756.1	727.6	700.3	674	648.7	624.4	601	578.5	557	536.4	516.6	497.7	479.5	462.1	445.4	429.3	413.9	399.1	384.9	371.3	358.3	345.9	334	322.7	311.8	291.4	272.8	255.8	240.4	226.4	213.9	202.7	192.8	184.2	176.9	171.1	166.5	163.3	161.4	160.8
5080	953.6	916	882.1	849.3	817.5	786.7	757	728.6	701.3	675	649.8	625.5	602.1	579.6	558.1	537.5	517.7	498.8	480.6	463.2	446.5	430.4	415	400.2	386	372.4	359.4	347	335.1	323.7	312.9	292.5	273.8	256.9	241.4	227.5	214.9	203.7	193.8	185.2	177.9	172	167.5	164.2	162.3	161.6
5100	954.3	916.7	882.9	850.1	818.4	787.6	758	729.6	702.3	676.1	650.8	626.5	603.1	580.7	559.2	538.6	518.8	499.9	481.7	464.3	447.6	431.5	416.1	401.3	387.1	373.5	360.6	348.1	336.2	324.8	313.9	293.6	274.9	257.9	242.5	228.6	216	204.8	194.8	186.2	178.9	173	168.4	165.1	163.2	162.5
5120	955	917.5	883.7	851	819.2	788.5	758.9	730.6	703.3	677.1	651.8	627.6	604.2	581.7	560.3	539.7	519.9	501	482.8	465.4	448.7	432.6	417.2	402.4	388.2	374.6	361.7	349.2	337.3	325.9	315	294.6	276	259	243.6	229.6	217	205.8	195.9	187.2	179.9	174	169.3	166.1	164.1	163.4
5140	955.7	918.2	884.5	851.8	820.1	789.4	759.9	731.5	704.3	678.1	652.9	628.6	605.3	582.8	561.3	540.7	521	502.1	483.9	466.5	449.8	433.7	418.3	403.5	389.3	375.7	362.8	350.3	338.4	327	316.1	295.7	277.1	260.1	244.6	230.7	218.1	206.9	196.9	188.3	180.9	175	170.3	167	165	164.4
5160	956.4	919	885.3	852.7	821	790.3	760.8	732.5	705.3	679.1	653.9	629.7	606.3	583.9	562.4	541.8	522.1	503.2	485	467.6	450.9	434.8	419.4	404.6	390.4	376.8	363.9	351.4	339.5	328.1	317.2	296.8	278.1	261.1	245.7	231.7	219.1	207.9	198	189.3	181.9	175.9	171.3	168	166	165.3
5180	957.1	919.7	886.1	853.5	821.9	791.2	761.8	733.5	706.3	680.1	654.9	630.7	607.4	585	563.5	542.9	523.2	504.3	486.1	468.7	452	435.9	420.5	405.7	391.5	377.9	364.9	352.5	340.6	329.2	318.3	297.9	279.2	262.2	246.7	232.8	220.2	208.9	199	190.3	183	176.9	172.3	168.9	166.9	166.2
5200	957.8	920.4	886.9	854.3	822.8	792.1	762.7	734.4	707.2	681.1	656	631.8	608.4	586	564.6	544	524.3	505.4	487.2	469.8	453.1	437	421.6	406.8	392.6	379	366	353.6	341.7	330.3	319.4	298.9	280.3	263.3	247.8	233.8	221.2	210	200	191.4	184	177.9	173.2	169.9	167.9	167.2
5220	958.5	921.2	887.7	855.2	823.6	793.1	763.6	735.4	708.2	682.1	657	632.8	609.5	587.1	565.6	545.1	525.4	506.5	488.3	470.9	454.2	438.1	422.7	407.9	393.7	380.1	367.1	354.7	342.8	331.4	320.4	300	281.3	264.3	248.9	234.9	222.3	211	201.1	192.4	185	178.9	174.2	170.9	168.8	168.2
5240	959.2	921.9	888.4	856	824.5	794	764.6	736.3	709.2	683.1	658	633.8	610.5	588.2	566.7	546.1	526.4	507.5	489.4	472	455.3	439.2	423.8	409	394.8	381.2	368.2	355.8	343.8	332.4	321.5	301.1	282.4	265.4	249.9	235.9	223.3	212.1	202.1	193.4	186	179.9	175.2	171.8	169.8	169.1
5260	959.9	922.6	889.2	856.8	825.3	794.9	765.5	737.3	710.2	684.1	659	634.9	611.6	589.2	567.8	547.2	527.5	508.6	490.5	473.1	456.4	440.3	424.9	410.1	395.9	382.3	369.3	356.8	344.9	333.5	322.6	302.1	283.5	266.4	251	237	224.4	213.1	203.1	194.5	187.1	181	176.2	172.8	170.8	170.1
5280	960.6	923.4	890	857.6	826.2	795.7	766.4	738.2	711.1	685.1	660	635.9	612.6	590.3	568.8	548.3	528.6	509.7	491.6	474.2	457.5	441.4	426	411.2	397	383.4	370.4	357.9	346	334.6	323.7	303.2	284.5	267.5	252	238	225.4	214.1	204.2	195.5	188.1	182	177.2	173.8	171.8	171.1
5300	961.2	924.1	890.8	858.4	827.1	796.6	767.3	739.2	712.1	686.1	661	636.9	613.7	591.3	569.9	549.3	529.7	510.8	492.6	475.2	458.5	442.5	427.1	412.3	398.1	384.5	371.5	359	347.1	335.7	324.7	304.3	285.6	268.5	253.1	239	226.4	215.2	205.2	196.5	189.1	183	178.3	174.8	172.8	172.1
5320	961.9	924.8	891.5	859.2	827.9	797.5	768.2	740.1	713.1	687.1	662	637.9	614.7	592.4	570.9	550.4	530.7	511.8	493.7	476.3	459.6	443.6	428.2	413.4	399.2	385.6	372.5	360.1	348.1	336.7	325.8	305.3	286.6	269.6	254.1	240.1	227.5	216.2	206.3	197.6	190.2	184.1	179.3	175.9	173.8	173.1
5340	962.6	925.5	892.3	860	828.8	798.4	769.1	741	714	688	663	638.9	615.7	593.4	572	551.5	531.8	512.9	494.8	477.4	460.7	444.7	429.3	414.5	400.3	386.6	373.6	361.2	349.2	337.8	326.9	306.4	287.7	270.6	255.2	241.1	228.5	217.3	207.3	198.6	191.2	185.1	180.3	176.9	174.8	174.1
5360	963.3	926.2	893	860.8	829.6	799.3	770.1	742	715	689	664	639.9	616.8	594.4	573	552.5	532.8	514	495.9	478.5	461.8	445.7	430.3	415.5	401.3	387.7	374.7	362.2	350.3	338.9	327.9	307.5	288.7	271.7	256.2	242.2	229.6	218.3	208.4	199.7	192.3	186.1	181.4	177.9	175.9	175.2
5380	963.9	926.9	893.8	861.6	830.4	800.2	771	742.9	715.9	690	665	641	617.8	595.5	574.1	553.6	533.9	515	496.9	479.5	462.8	446.8	431.4	416.6	402.4	388.8	375.8	363.3	351.4	339.9	329	308.5	289.8	272.7	257.2	243.2	230.6	219.3	209.4	200.7	193.3	187.2	182.4	179	176.9	176.2
5400	964.6	927.6	894.5	862.4	831.3	801	771.9	743.8	716.9	690.9	666	642	618.8	596.5	575.1	554.6	534.9	516.1	498	480.6	463.9	447.9	432.5	417.7	403.5	389.9	376.8	364.4	352.4	341	330	309.6	290.9	273.8	258.3	244.3	231.6	220.4	210.4	201.8	194.4	188.2	183.5	180	177.9	177.3
5420	965.3	928.3	895.3	863.2	832.1	801.9	772.8	744.7	717.8	691.9	667	643	619.8	597.5	576.1	555.6	536	517.1	499	481.7	465	448.9	433.6	418.8	404.6	390.9	377.9	365.4	353.5	342	331.1	310.6	291.9	274.8	259.3	245.3	232.7	221.4	211.5	202.8	195.4	189.3	184.5	181.1	179	178.3
5440	965.9	929	896	864	832.9	802.8	773.6	745.7	718.8	692.9	668	644	620.8	598.6	577.2	556.7	537	518.2	500.1	482.7	466	450	434.6	419.8	405.6	392	379	366.5	354.5	343.1	332.2	311.7	292.9	275.9	260.4	246.3	233.7	222.5	212.5	203.9	196.5	190.4	185.6	182.1	180.1	179.4
5460	966.6	929.7	896.8	864.8	833.8	803.6	774.5	746.6	719.7	693.8	668.9	645	621.9	599.6	578.2	557.7	538.1	519.2	501.1	483.8	467.1	451.1	435.7	420.9	406.7	393.1	380	367.5	355.6	344.2	333.2	312.7	294	276.9	261.4	247.4	234.8	223.5	213.6	204.9	197.6	191.4	186.6	183.2	181.1	180.4
5480	967.2	930.4	897.5	865.6	834.6	804.5	775.4	747.5	720.6	694.8	669.9	645.9	622.9	600.6	579.2	558.8	539.1	520.3	502.2	484.8	468.2	452.1	436.7	422	407.8	394.1	381.1	368.6	356.7	345.2	334.3	313.8	295	278	262.5	248.4	235.8	224.6	214.6	206	198.6	192.5	187.7	184.3	182.2	181.5
5500	967.9	931.1	898.3	866.4	835.4	805.4	776.3	748.4	721.6	695.7	670.9	646.9	623.9	601.6	580.3	559.8	540.2	521.3	503.2	485.9	469.2	453.2	437.8	423	408.8	395.2	382.2	369.7	357.7	346.3	335.3	314.8	296.1	279	263.5	249.5	236.9	225.6	215.7	207.1	199.7	193.6	188.8	185.4	183.3	182.6
5520	968.5	931.8	899	867.1	836.2	806.2	777.2	749.3	722.5	696.7	671.8	647.9	624.9	602.7	581.3	560.8	541.2	522.4	504.3	486.9	470.3	454.2	438.9	424.1	409.9	396.3	383.2	370.7	358.8	347.3	336.4	315.9	297.1	280	264.5	250.5	237.9	226.7	216.7	208.1	200.8	194.7	189.9	186.5	184.4	183.7
5540	969.2	932.5	899.7	867.9	837	807.1	778.1	750.2	723.4	697.6	672.8	648.9	625.9	603.7	582.3	561.8	542.2	523.4	505.3	488	471.3	455.3	439.9	425.1	411	397.3	384.3	371.8	359.8	348.4	337.4	316.9	298.2	281.1	265.6	251.5	238.9	227.7	217.8	209.2	201.8	195.8	191	187.6	185.5	184.8
5560	969.8	933.2	900.4	868.7	837.8	807.9	778.9	751.1	724.3	698.6	673.8	649.9	626.9	604.7	583.3	562.9	543.3	524.4	506.4	489	472.4	456.3	441	426.2	412	398.4	385.3	372.8	360.9	349.4	338.5	318	299.2	282.1	266.6	252.6	240	228.8	218.9	210.3	202.9	196.9	192.1	188.7	186.6	185.9
5580	970.4	933.9	901.2	869.4	838.6	808.8	779.8	752	725.3	699.5	674.7	650.9	627.9	605.7	584.3	563.9	544.3	525.5	507.4	490.1	473.4	457.4	442	427.3	413.1	399.4	386.4	373.9	361.9	350.5	339.5	319	300.3	283.2	267.6	253.6	241	229.8	219.9	211.3	204	198	193.2	189.8	187.7	187
5600	971.1	934.5	901.9	870.2	839.4	809.6	780.7	752.9	726.2	700.4	675.7	651.8	628.8	606.7	585.4	564.9	545.3	526.5	508.4	491.1	474.4	458.4	443.1	428.3	414.1	400.5	387.4	374.9	363	351.5	340.5	320	301.3	284.2	268.7	254.7	242.1	230.8	221	212.4	205.1	199.1	194.3	190.9	188.8	188.1
5620	971.7	935.2	902.6	871	840.2	810.4	781.6	753.8	727.1	701.4	676.6	652.8	629.8	607.7	586.4	565.9	546.3	527.5	509.5	492.1	475.5	459.5	444.1	429.3	415.2	401.5	388.5	376	364	352.6	341.6	321.1	302.3	285.2	269.7	255.7	243.1	231.9	222	213.5	206.2	200.2	195.4	192	190	189.3
5640	972.3	935.9	903.3	871.7	841	811.3	782.4	754.7	728	702.3	677.6	653.8	630.8	608.7	587.4	566.9	547.3	528.5	510.5	493.2	476.5	460.5	445.2	430.4	416.2	402.6	389.5	377	365	353.6	342.6	322.1	303.4	286.3	270.8	256.7	244.2	232.9	223.1	214.5	207.3	201.3	196.5	193.1	191.1	190.4
5660	973	936.5	904	872.5	841.8	812.1	783.3	755.6	728.9	703.2	678.5	654.7	631.8	609.7	588.4	568	548.4	529.6	511.5	494.2	477.6	461.6	446.2	431.4	417.3	403.6	390.6	378.1	366.1	354.6	343.7	323.1	304.4	287.3	271.8	257.8	245.2	234	224.1	215.6	208.3	202.4	197.7	194.3	192.2	191.5
5680	973.6	937.2	904.8	873.2	842.6	812.9	784.1	756.4	729.8	704.2	679.5	655.7	632.8	610.7	589.4	569	549.4	530.6	512.5	495.2	478.6	462.6	447.2	432.5	418.3	404.7	391.6	379.1	367.1	355.7	344.7	324.2	305.4	288.3	272.8	258.8	246.2	235.1	225.2	216.7	209.4	203.5	198.8	195.4	193.4	192.7
5700	974.2	937.9	905.5	874	843.4	813.7	785	757.3	730.7	705.1	680.4	656.6	633.7	611.7	590.4	570	550.4	531.6	513.6	496.2	479.6	463.6	448.3	433.5	419.3	405.7	392.7	380.1	368.2	356.7	345.7	325.2	306.5	289.4	273.9	259.9	247.3	236.1	226.3	217.7	210.5	204.6	199.9	196.6	194.5	193.8
5720	974.8	938.5	906.2	874.7	844.2	814.6	785.8	758.2	731.6	706	681.3	657.6	634.7	612.6	591.4	571	551.4	532.6	514.6	497.3	480.6	464.7	449.3	434.6	420.4	406.8	393.7	381.2	369.2	357.7	346.8	326.3	307.5	290.4	274.9	260.9	248.3	237.2	227.3	218.8	211.6	205.7	201	197.7	195.7	195
5740	975.5	939.2	906.9	875.5	845	815.4	786.7	759.1	732.5	706.9	682.3	658.5	635.7	613.6	592.4	572	552.4	533.6	515.6	498.3	481.7	465.7	450.3	435.6	421.4	407.8	394.7	382.2	370.2	358.8	347.8	327.3	308.5	291.5	275.9	261.9	249.4	238.2	228.4	219.9	212.7	206.8	202.2	198.8	196.8	196.2
5760	976.1	939.9	907.6	876.2	845.8	816.2	787.5	759.9	733.4	707.8	683.2	659.5	636.6	614.6	593.4	573	553.4	534.6	516.6	499.3	482.7	466.7	451.4	436.6	422.4	408.8	395.8	383.3	371.3	359.8	348.8	328.3	309.6	292.5	277	263	250.4	239.3	229.5	221	213.8	207.9	203.3	200	198	197.3
5780	976.7	940.5	908.3	877	846.5	817	788.4	760.8	734.3	708.7	684.1	660.4	637.6	615.6	594.3	574	554.4	535.6	517.6	500.3	483.7	467.7	452.4	437.6	423.5	409.9	396.8	384.3	372.3	360.8	349.9	329.3	310.6	293.5	278	264	251.5	240.3	230.5	222	214.9	209	204.4	201.1	199.2	198.5
5800	977.3	941.2	909	877.7	847.3	817.8	789.2	761.7	735.2	709.6	685.1	661.4	638.6	616.5	595.3	574.9	555.4	536.6	518.6	501.3	484.7	468.8	453.4	438.7	424.5	410.9	397.8	385.3	373.3	361.9	350.9	330.4	311.6	294.5	279.1	265.1	252.5	241.4	231.6	223.1	216	210.1	205.6	202.3	200.3	199.7
5820	977.9	941.8	909.7	878.4	848.1	818.6	790.1	762.5	736	710.5	686	662.3	639.5	617.5	596.3	575.9	556.4	537.6	519.6	502.4	485.7	469.8	454.4	439.7	425.5	411.9	398.9	386.4	374.4	362.9	351.9	331.4	312.7	295.6	280.1	266.1	253.6	242.4	232.6	224.2	217.1	211.2	206.7	203.4	201.5	200.8
5840	978.5	942.5	910.3	879.1	848.9	819.4	790.9	763.4	736.9	711.4	686.9	663.3	640.5	618.5	597.3	576.9	557.4	538.6	520.6	503.4	486.8	470.8	455.5	440.7	426.6	413	399.9	387.4	375.4	363.9	353	332.4	313.7	296.6	281.1	267.1	254.6	243.5	233.7	225.3	218.2	212.3	207.8	204.6	202.6	202
5860	979.1	943.1	911	879.9	849.6	820.2	791.7	764.2	737.8	712.3	687.8	664.2	641.4	619.5	598.3	577.9	558.4	539.6	521.7	504.4	487.8	471.8	456.5	441.7	427.6	414	400.9	388.4	376.4	365	354	333.5	314.7	297.6	282.2	268.2	255.7	244.5	234.8	226.4	219.2	213.4	208.9	205.7	203.8	203.1
5880	979.7	943.7	911.7	880.6	850.4	821	792.6	765.1	738.7	713.2	688.7	665.1	642.4	620.4	599.2	578.9	559.4	540.6	522.7	505.4	488.8	472.8	457.5	442.8	428.6	415	402	389.4	377.5	366	355	334.5	315.7	298.7	283.2	269.2	256.7	245.6	235.8	227.4	220.3	214.5	210	206.8	204.9	204.2
5900	980.3	944.4	912.4	881.3	851.1	821.8	793.4	765.9	739.5	714.1	689.6	666.1	643.3	621.4	600.2	579.9	560.4	541.6	523.6	506.4	489.8	473.8	458.5	443.8	429.6	416	403	390.5	378.5	367	356	335.5	316.8	299.7	284.2	270.3	257.8	246.6	236.9	228.5	221.4	215.6	211.2	207.9	206	205.4
5920	980.9	945	913.1	882	851.9	822.6	794.2	766.8	740.4	715	690.6	667	644.2	622.3	601.2	580.9	561.3	542.6	524.6	507.4	490.8	474.8	459.5	444.8	430.7	417.1	404	391.5	379.5	368	357.1	336.5	317.8	300.7	285.3	271.3	258.8	247.7	238	229.6	222.5	216.7	212.3	209.1	207.1	206.5
5940	981.5	945.7	913.8	882.8	852.7	823.4	795	767.6	741.3	715.9	691.5	667.9	645.2	623.3	602.2	581.8	562.3	543.6	525.6	508.4	491.8	475.8	460.5	445.8	431.7	418.1	405	392.5	380.5	369.1	358.1	337.6	318.8	301.8	286.3	272.3	259.8	248.8	239	230.7	223.6	217.8	213.4	210.2	208.3	207.6
5960	982.1	946.3	914.4	883.5	853.4	824.2	795.8	768.5	742.1	716.8	692.4	668.8	646.1	624.2	603.1	582.8	563.3	544.6	526.6	509.4	492.8	476.9	461.5	446.8	432.7	419.1	406.1	393.5	381.5	370.1	359.1	338.6	319.8	302.8	287.3	273.4	260.9	249.8	240.1	231.7	224.7	218.9	214.5	211.3	209.4	208.7
5980	982.7	946.9	915.1	884.2	854.2	825	796.7	769.3	743	717.7	693.3	669.7	647.1	625.2	604.1	583.8	564.3	545.6	527.6	510.4	493.8	477.9	462.5	447.8	433.7	420.1	407.1	394.6	382.6	371.1	360.1	339.6	320.9	303.8	288.4	274.4	261.9	250.9	241.2	232.8	225.8	220	215.6	212.4	210.5	209.9
6000	983.3	947.5	915.8	884.9	854.9	825.8	797.5	770.2	743.9	718.6	694.2	670.7	648	626.1	605	584.7	565.3	546.6	528.6	511.4	494.8	478.9	463.6	448.8	434.7	421.1	408.1	395.6	383.6	372.1	361.1	340.6	321.9	304.8	289.4	275.5	263	251.9	242.2	233.9	226.8	221.1	216.7	213.5	211.6	211
6020	983.9	948.2	916.4	885.6	855.7	826.6	798.3	771	744.7	719.4	695.1	671.6	648.9	627.1	606	585.7	566.2	547.5	529.6	512.3	495.8	479.9	464.6	449.8	435.7	422.1	409.1	396.6	384.6	373.1	362.2	341.6	322.9	305.9	290.4	276.5	264	253	243.3	234.9	227.9	222.2	217.8	214.6	212.7	212.1
6040	984.5	948.8	917.1	886.3	856.4	827.3	799.1	771.8	745.6	720.3	696	672.5	649.8	628	607	586.7	567.2	548.5	530.6	513.3	496.8	480.9	465.6	450.9	436.7	423.2	410.1	397.6	385.6	374.2	363.2	342.7	323.9	306.9	291.4	277.5	265.1	254	244.3	236	229	223.3	218.9	215.7	213.8	213.2
6060	985.1	949.4	917.8	887	857.1	828.1	799.9	772.7	746.4	721.2	696.8	673.4	650.8	629	607.9	587.6	568.2	549.5	531.5	514.3	497.8	481.8	466.6	451.9	437.7	424.2	411.1	398.6	386.6	375.2	364.2	343.7	325	307.9	292.5	278.6	266.1	255.1	245.4	237.1	230.1	224.4	219.9	216.8	214.9	214.3
6080	985.6	950	918.4	887.7	857.9	828.9	800.7	773.5	747.3	722	697.7	674.3	651.7	629.9	608.9	588.6	569.1	550.5	532.5	515.3	498.7	482.8	467.6	452.9	438.7	425.2	412.1	399.6	387.7	376.2	365.2	344.7	326	308.9	293.5	279.6	267.2	256.1	246.5	238.1	231.2	225.4	221	217.9	216	215.4
6100	986.2	950.6	919.1	888.4	858.6	829.6	801.5	774.3	748.1	722.9	698.6	675.2	652.6	630.8	609.8	589.5	570.1	551.4	533.5	516.3	499.7	483.8	468.5	453.9	439.7	426.2	413.2	400.7	388.7	377.2	366.2	345.7	327	310	294.5	280.6	268.2	257.2	247.5	239.2	232.2	226.5	222.1	219	217.1	216.5
6120	986.8	951.3	919.7	889.1	859.3	830.4	802.3	775.1	749	723.8	699.5	676.1	653.5	631.8	610.8	590.5	571.1	552.4	534.5	517.3	500.7	484.8	469.5	454.9	440.7	427.2	414.2	401.7	389.7	378.2	367.2	346.7	328	311	295.6	281.7	269.2	258.2	248.6	240.3	233.3	227.6	223.2	220.1	218.2	217.5
6140	987.4	951.9	920.4	889.8	860.1	831.2	803.1	775.9	749.8	724.6	700.4	677	654.4	632.7	611.7	591.5	572	553.4	535.4	518.2	501.7	485.8	470.5	455.9	441.7	428.2	415.2	402.7	390.7	379.2	368.3	347.7	329	312	296.6	282.7	270.3	259.3	249.6	241.3	234.4	228.7	224.3	221.1	219.3	218.6
6160	987.9	952.5	921	890.5	860.8	831.9	803.9	776.8	750.6	725.5	701.3	677.9	655.3	633.6	612.6	592.4	573	554.3	536.4	519.2	502.7	486.8	471.5	456.8	442.7	429.2	416.2	403.7	391.7	380.2	369.3	348.8	330	313	297.6	283.7	271.3	260.3	250.7	242.4	235.4	229.7	225.3	222.2	220.3	219.7
6180	988.5	953.1	921.7	891.2	861.5	832.7	804.7	777.6	751.5	726.3	702.1	678.8	656.3	634.5	613.6	593.4	573.9	555.3	537.4	520.2	503.7	487.8	472.5	457.8	443.7	430.2	417.2	404.7	392.7	381.2	370.3	349.8	331.1	314.1	298.6	284.8	272.3	261.3	251.7	243.5	236.5	230.8	226.4	223.3	221.4	220.8
6200	989.1	953.7	922.3	891.9	862.2	833.5	805.5	778.4	752.3	727.2	703	679.7	657.2	635.5	614.5	594.3	574.9	556.2	538.4	521.2	504.6	488.8	473.5	458.8	444.7	431.2	418.2	405.7	393.7	382.2	371.3	350.8	332.1	315.1	299.7	285.8	273.4	262.4	252.8	244.5	237.5	231.9	227.5	224.4	222.5	221.9
6220	989.7	954.3	923	892.5	863	834.2	806.3	779.2	753.1	728.1	703.9	680.6	658.1	636.4	615.4	595.2	575.8	557.2	539.3	522.1	505.6	489.7	474.5	459.8	445.7	432.2	419.2	406.7	394.7	383.3	372.3	351.8	333.1	316.1	300.7	286.8	274.4	263.4	253.8	245.6	238.6	232.9	228.6	225.4	223.6	222.9
6240	990.2	954.9	923.6	893.2	863.7	835	807.1	780	754	728.9	704.7	681.4	659	637.3	616.4	596.2	576.8	558.2	540.3	523.1	506.6	490.7	475.5	460.8	446.7	433.2	420.2	407.7	395.7	384.3	373.3	352.8	334.1	317.1	301.7	287.8	275.4	264.5	254.9	246.6	239.7	234	229.6	226.5	224.6	224
6260	990.8	955.5	924.3	893.9	864.4	835.7	807.8	780.8	754.8	729.8	705.6	682.3	659.9	638.2	617.3	597.1	577.7	559.1	541.2	524.1	507.6	491.7	476.4	461.8	447.7	434.2	421.2	408.7	396.7	385.3	374.3	353.8	335.1	318.1	302.7	288.9	276.5	265.5	255.9	247.7	240.7	235.1	230.7	227.6	225.7	225.1
6280	991.3	956.1	924.9	894.6	865.1	836.4	808.6	781.6	755.6	730.6	706.5	683.2	660.8	639.1	618.2	598.1	578.7	560.1	542.2	525	508.5	492.7	477.4	462.8	448.7	435.2	422.2	409.7	397.7	386.3	375.3	354.8	336.1	319.1	303.8	289.9	277.5	266.5	257	248.7	241.8	236.1	231.8	228.6	226.8	226.1
6300	991.9	956.7	925.5	895.2	865.8	837.2	809.4	782.4	756.5	731.4	707.3	684.1	661.7	640	619.1	599	579.6	561	543.2	526	509.5	493.6	478.4	463.8	449.7	436.2	423.2	410.7	398.7	387.3	376.3	355.8	337.1	320.2	304.8	290.9	278.5	267.6	258	249.8	242.8	237.2	232.8	229.7	227.8	227.2
6320	992.5	957.3	926.2	895.9	866.5	837.9	810.2	783.2	757.3	732.3	708.2	685	662.6	640.9	620.1	599.9	580.6	562	544.1	526.9	510.5	494.6	479.4	464.7	450.7	437.2	424.2	411.7	399.7	388.3	377.3	356.8	338.1	321.2	305.8	291.9	279.6	268.6	259	250.8	243.9	238.2	233.9	230.8	228.9	228.3
6340	993	957.9	926.8	896.6	867.2	838.7	810.9	784	758.1	733.1	709	685.8	663.4	641.8	621	600.9	581.5	562.9	545.1	527.9	511.4	495.6	480.4	465.7	451.7	438.1	425.2	412.7	400.7	389.3	378.3	357.8	339.2	322.2	306.8	293	280.6	269.6	260.1	251.8	244.9	239.3	234.9	231.8	230	229.3
6360	993.6	958.5	927.4	897.3	867.9	839.4	811.7	784.8	758.9	734	709.9	686.7	664.3	642.7	621.9	601.8	582.4	563.9	546	528.9	512.4	496.6	481.3	466.7	452.6	439.1	426.2	413.7	401.7	390.3	379.3	358.8	340.2	323.2	307.8	294	281.6	270.7	261.1	252.9	246	240.3	236	232.9	231	230.4
6380	994.1	959	928	897.9	868.6	840.1	812.5	785.6	759.7	734.8	710.8	687.6	665.2	643.6	622.8	602.7	583.4	564.8	547	529.8	513.3	497.5	482.3	467.7	453.6	440.1	427.1	414.7	402.7	391.3	380.3	359.8	341.2	324.2	308.8	295	282.6	271.7	262.1	253.9	247	241.4	237	233.9	232.1	231.4
6400	994.7	959.6	928.7	898.6	869.3	840.9	813.2	786.4	760.5	735.6	711.6	688.4	666.1	644.5	623.7	603.7	584.3	565.7	547.9	530.8	514.3	498.5	483.3	468.7	454.6	441.1	428.1	415.7	403.7	392.3	381.3	360.8	342.2	325.2	309.8	296	283.7	272.7	263.2	255	248.1	242.4	238.1	235	233.1	232.5
6420	995.2	960.2	929.3	899.2	870	841.6	814	787.2	761.3	736.4	712.4	689.3	667	645.4	624.6	604.6	585.2	566.7	548.9	531.7	515.3	499.4	484.2	469.6	455.6	442.1	429.1	416.7	404.7	393.3	382.3	361.8	343.2	326.2	310.9	297	284.7	273.8	264.2	256	249.1	243.5	239.1	236	234.2	233.5
6440	995.8	960.8	929.9	899.9	870.7	842.3	814.7	788	762.2	737.3	713.3	690.2	667.9	646.3	625.6	605.5	586.2	567.6	549.8	532.7	516.2	500.4	485.2	470.6	456.6	443.1	430.1	417.7	405.7	394.3	383.3	362.8	344.2	327.2	311.9	298.1	285.7	274.8	265.2	257	250.1	244.5	240.2	237.1	235.2	234.6
6460	996.3	961.4	930.5	900.6	871.4	843.1	815.5	788.8	763	738.1	714.1	691	668.7	647.2	626.5	606.4	587.1	568.6	550.7	533.6	517.2	501.4	486.2	471.6	457.5	444	431.1	418.6	406.7	395.3	384.3	363.8	345.2	328.2	312.9	299.1	286.7	275.8	266.3	258.1	251.2	245.6	241.2	238.1	236.3	235.6
6480	996.8	961.9	931.2	901.2	872.1	843.8	816.3	789.5	763.8	738.9	715	691.9	669.6	648.1	627.4	607.3	588	569.5	551.7	534.6	518.1	502.3	487.1	472.5	458.5	445	432.1	419.6	407.7	396.3	385.3	364.8	346.2	329.2	313.9	300.1	287.7	276.8	267.3	259.1	252.2	246.6	242.2	239.2	237.3	236.7
6500	997.4	962.5	931.8	901.9	872.8	844.5	817	790.3	764.6	739.7	715.8	692.7	670.5	649	628.3	608.3	589	570.4	552.6	535.5	519.1	503.3	488.1	473.5	459.5	446	433.1	420.6	408.7	397.2	386.3	365.8	347.2	330.2	314.9	301.1	288.8	277.9	268.3	260.1	253.2	247.6	243.3	240.2	238.3	237.7
6520	997.9	963.1	932.4	902.5	873.5	845.2	817.8	791.1	765.4	740.6	716.7	693.6	671.4	649.9	629.2	609.2	589.9	571.4	553.6	536.5	520	504.2	489.1	474.5	460.4	447	434	421.6	409.7	398.2	387.3	366.8	348.2	331.2	315.9	302.1	289.8	278.9	269.3	261.1	254.3	248.7	244.3	241.2	239.4	238.8
6540	998.5	963.7	933	903.2	874.1	845.9	818.5	791.9	766.2	741.4	717.5	694.4	672.2	650.8	630.1	610.1	590.8	572.3	554.5	537.4	521	505.2	490	475.4	461.4	447.9	435	422.6	410.7	399.2	388.3	367.8	349.2	332.2	316.9	303.1	290.8	279.9	270.4	262.2	255.3	249.7	245.4	242.3	240.4	239.8
6560	999	964.2	933.6	903.8	874.8	846.6	819.3	792.6	766.9	742.2	718.3	695.3	673.1	651.7	631	611	591.7	573.2	555.4	538.3	521.9	506.1	491	476.4	462.4	448.9	436	423.6	411.6	400.2	389.3	368.8	350.2	333.2	317.9	304.1	291.8	280.9	271.4	263.2	256.3	250.7	246.4	243.3	241.5	240.8
6580	999.5	964.8	934.2	904.4	875.5	847.4	820	793.4	767.7	743	719.2	696.1	674	652.5	631.9	611.9	592.6	574.1	556.4	539.3	522.9	507.1	491.9	477.4	463.4	449.9	437	424.5	412.6	401.2	390.3	369.8	351.2	334.2	318.9	305.1	292.8	281.9	272.4	264.2	257.3	251.8	247.4	244.3	242.5	241.9
6600	1000.1	965.4	934.8	905.1	876.2	848.1	820.7	794.2	768.5	743.8	720	697	674.8	653.4	632.8	612.8	593.6	575.1	557.3	540.2	523.8	508	492.9	478.3	464.3	450.9	437.9	425.5	413.6	402.2	391.2	370.8	352.2	335.2	319.9	306.1	293.8	282.9	273.4	265.2	258.4	252.8	248.5	245.4	243.5	242.9
6620	1000.6	965.9	935.4	905.7	876.9	848.8	821.5	794.9	769.3	744.6	720.8	697.8	675.7	654.3	633.6	613.7	594.5	576	558.2	541.2	524.8	509	493.8	479.3	465.3	451.8	438.9	426.5	414.6	403.2	392.2	371.8	353.2	336.2	320.9	307.1	294.8	283.9	274.4	266.3	259.4	253.8	249.5	246.4	244.6	243.9
6640	1001.1	966.5	936	906.4	877.5	849.5	822.2	795.7	770.1	745.4	721.6	698.7	676.5	655.2	634.5	614.6	595.4	576.9	559.1	542.1	525.7	509.9	494.8	480.2	466.2	452.8	439.9	427.5	415.6	404.2	393.2	372.8	354.1	337.2	321.9	308.1	295.8	285	275.4	267.3	260.4	254.8	250.5	247.4	245.6	245
6660	1001.6	967.1	936.6	907	878.2	850.2	823	796.5	770.9	746.2	722.5	699.5	677.4	656	635.4	615.5	596.3	577.8	560.1	543	526.6	510.9	495.7	481.2	467.2	453.8	440.8	428.5	416.6	405.1	394.2	373.8	355.1	338.2	322.9	309.1	296.8	286	276.5	268.3	261.4	255.8	251.5	248.5	246.6	246
6680	1002.2	967.6	937.2	907.6	878.9	850.9	823.7	797.2	771.7	747	723.3	700.4	678.2	656.9	636.3	616.4	597.2	578.7	561	543.9	527.6	511.8	496.7	482.1	468.2	454.7	441.8	429.4	417.5	406.1	395.2	374.7	356.1	339.2	323.9	310.1	297.8	287	277.5	269.3	262.4	256.9	252.5	249.5	247.6	247
6700	1002.7	968.2	937.8	908.3	879.5	851.6	824.4	798	772.4	747.8	724.1	701.2	679.1	657.8	637.2	617.3	598.1	579.7	561.9	544.9	528.5	512.8	497.6	483.1	469.1	455.7	442.8	430.4	418.5	407.1	396.2	375.7	357.1	340.2	324.9	311.1	298.8	288	278.5	270.3	263.5	257.9	253.6	250.5	248.7	248
6720	1003.2	968.7	938.4	908.9	880.2	852.3	825.1	798.8	773.2	748.6	724.9	702	679.9	658.6	638.1	618.2	599	580.6	562.8	545.8	529.4	513.7	498.6	484	470.1	456.6	443.7	431.4	419.5	408.1	397.1	376.7	358.1	341.2	325.9	312.1	299.8	289	279.5	271.3	264.5	258.9	254.6	251.5	249.7	249.1
6740	1003.7	969.3	939	909.5	880.9	853	825.9	799.5	774	749.4	725.7	702.9	680.8	659.5	638.9	619.1	599.9	581.5	563.8	546.7	530.4	514.6	499.5	485	471	457.6	444.7	432.3	420.4	409.1	398.1	377.7	359.1	342.2	326.9	313.1	300.8	290	280.5	272.3	265.5	259.9	255.6	252.5	250.7	250.1
6760	1004.2	969.8	939.6	910.1	881.5	853.7	826.6	800.3	774.8	750.2	726.5	703.7	681.6	660.4	639.8	620	600.8	582.4	564.7	547.7	531.3	515.6	500.5	485.9	472	458.6	445.7	433.3	421.4	410	399.1	378.7	360.1	343.2	327.9	314.1	301.8	291	281.5	273.3	266.5	260.9	256.6	253.5	251.7	251.1
6780	1004.8	970.4	940.2	910.8	882.2	854.4	827.3	801	775.6	751	727.3	704.5	682.5	661.2	640.7	620.9	601.7	583.3	565.6	548.6	532.2	516.5	501.4	486.9	472.9	459.5	446.6	434.3	422.4	411	400.1	379.7	361	344.1	328.9	315.1	302.8	292	282.5	274.4	267.5	261.9	257.6	254.6	252.7	252.1
6800	1005.3	970.9	940.7	911.4	882.8	855.1	828	801.8	776.3	751.8	728.2	705.3	683.3	662.1	641.6	621.8	602.6	584.2	566.5	549.5	533.2	517.4	502.3	487.8	473.9	460.5	447.6	435.2	423.4	412	401.1	380.6	362	345.1	329.8	316.1	303.8	293	283.5	275.4	268.5	263	258.6	255.6	253.7	253.1
6820	1005.8	971.5	941.3	912	883.5	855.7	828.8	802.5	777.1	752.6	729	706.2	684.2	662.9	642.4	622.6	603.5	585.1	567.4	550.4	534.1	518.4	503.3	488.8	474.8	461.4	448.6	436.2	424.3	412.9	402	381.6	363	346.1	330.8	317.1	304.8	294	284.5	276.4	269.5	264	259.7	256.6	254.7	254.1
6840	1006.3	972	941.9	912.6	884.1	856.4	829.5	803.3	777.9	753.4	729.8	707	685	663.8	643.3	623.5	604.4	586	568.3	551.3	535	519.3	504.2	489.7	475.8	462.4	449.5	437.2	425.3	413.9	403	382.6	364	347.1	331.8	318.1	305.8	295	285.5	277.4	270.5	265	260.7	257.6	255.8	255.1
6860	1006.8	972.6	942.5	913.2	884.8	857.1	830.2	804	778.6	754.2	730.6	707.8	685.8	664.6	644.2	624.4	605.3	586.9	569.2	552.3	535.9	520.2	505.2	490.7	476.7	463.3	450.5	438.1	426.3	414.9	404	383.6	365	348.1	332.8	319.1	306.8	296	286.5	278.4	271.5	266	261.7	258.6	256.8	256.2
6880	1007.3	973.1	943.1	913.9	885.4	857.8	830.9	804.7	779.4	754.9	731.4	708.6	686.7	665.5	645	625.3	606.2	587.8	570.1	553.2	536.8	521.2	506.1	491.6	477.7	464.3	451.4	439.1	427.2	415.8	404.9	384.5	365.9	349.1	333.8	320.1	307.8	297	287.5	279.4	272.5	267	262.7	259.6	257.8	257.2
6900	1007.8	973.6	943.7	914.5	886.1	858.5	831.6	805.5	780.1	755.7	732.2	709.4	687.5	666.3	645.9	626.2	607.1	588.7	571.1	554.1	537.8	522.1	507	492.5	478.6	465.2	452.4	440	428.2	416.8	405.9	385.5	366.9	350	334.8	321	308.8	298	288.5	280.4	273.5	268	263.7	260.6	258.8	258.2
6920	1008.3	974.2	944.2	915.1	886.7	859.2	832.3	806.2	780.9	756.5	733	710.3	688.3	667.2	646.8	627	608	589.6	572	555	538.7	523	507.9	493.5	479.5	466.2	453.3	441	429.1	417.8	406.9	386.5	367.9	351	335.7	322	309.8	298.9	289.5	281.4	274.5	269	264.7	261.6	259.8	259.2
6940	1008.8	974.7	944.8	915.7	887.4	859.8	833	807	781.7	757.3	733.8	711.1	689.2	668	647.6	627.9	608.9	590.5	572.9	555.9	539.6	523.9	508.9	494.4	480.5	467.1	454.3	441.9	430.1	418.7	407.8	387.4	368.9	352	336.7	323	310.8	299.9	290.5	282.3	275.5	270	265.7	262.6	260.8	260.2
6960	1009.3	975.2	945.4	916.3	888	860.5	833.7	807.7	782.4	758.1	734.6	711.9	690	668.9	648.5	628.8	609.8	591.4	573.8	556.8	540.5	524.9	509.8	495.3	481.4	468.1	455.2	442.9	431	419.7	408.8	388.4	369.8	353	337.7	324	311.7	300.9	291.5	283.3	276.5	271	266.7	263.6	261.8	261.2
6980	1009.8	975.8	945.9	916.9	888.7	861.2	834.4	808.4	783.2	758.8	735.3	712.7	690.8	669.7	649.3	629.7	610.6	592.3	574.7	557.7	541.4	525.8	510.7	496.3	482.4	469	456.2	443.8	432	420.7	409.8	389.4	370.8	353.9	338.7	325	312.7	301.9	292.4	284.3	277.5	272	267.7	264.6	262.8	262.2
7000	1010.3	976.3	946.5	917.5	889.3	861.8	835.1	809.1	783.9	759.6	736.1	713.5	691.7	670.6	650.2	630.5	611.5	593.2	575.6	558.6	542.3	526.7	511.7	497.2	483.3	469.9	457.1	444.8	433	421.6	410.7	390.3	371.8	354.9	339.6	325.9	313.7	302.9	293.4	285.3	278.5	273	268.7	265.6	263.8	263.2
7020	1010.8	976.8	947.1	918.1	889.9	862.5	835.8	809.9	784.7	760.4	736.9	714.3	692.5	671.4	651	631.4	612.4	594.1	576.5	559.5	543.3	527.6	512.6	498.1	484.2	470.9	458.1	445.7	433.9	422.6	411.7	391.3	372.7	355.9	340.6	326.9	314.7	303.9	294.4	286.3	279.5	273.9	269.7	266.6	264.8	264.2
7040	1011.3	977.4	947.7	918.7	890.6	863.2	836.5	810.6	785.4	761.1	737.7	715.1	693.3	672.2	651.9	632.3	613.3	595	577.4	560.4	544.2	528.5	513.5	499	485.2	471.8	459	446.7	434.9	423.5	412.6	392.3	373.7	356.8	341.6	327.9	315.7	304.8	295.4	287.3	280.5	274.9	270.6	267.6	265.8	265.2
7060	1011.8	977.9	948.2	919.3	891.2	863.8	837.2	811.3	786.2	761.9	738.5	715.9	694.1	673.1	652.7	633.1	614.2	595.9	578.2	561.3	545.1	529.4	514.4	500	486.1	472.7	459.9	447.6	435.8	424.5	413.6	393.2	374.7	357.8	342.6	328.9	316.6	305.8	296.4	288.3	281.5	275.9	271.6	268.6	266.8	266.1
7080	1012.3	978.4	948.8	919.9	891.8	864.5	837.9	812	786.9	762.7	739.3	716.7	694.9	673.9	653.6	634	615	596.7	579.1	562.2	546	530.3	515.3	500.9	487	473.7	460.9	448.6	436.8	425.4	414.6	394.2	375.6	358.8	343.5	329.8	317.6	306.8	297.4	289.3	282.4	276.9	272.6	269.6	267.7	267.1
7100	1012.8	979	949.3	920.5	892.5	865.2	838.6	812.8	787.7	763.4	740.1	717.5	695.7	674.7	654.4	634.8	615.9	597.6	580	563.1	546.9	531.3	516.2	501.8	487.9	474.6	461.8	449.5	437.7	426.4	415.5	395.2	376.6	359.7	344.5	330.8	318.6	307.8	298.3	290.2	283.4	277.9	273.6	270.6	268.7	268.1
7120	1013.3	979.5	949.9	921.1	893.1	865.8	839.3	813.5	788.4	764.2	740.8	718.3	696.6	675.6	655.3	635.7	616.8	598.5	580.9	564	547.8	532.2	517.2	502.7	488.9	475.5	462.7	450.5	438.6	427.3	416.5	396.1	377.5	360.7	345.5	331.8	319.6	308.8	299.3	291.2	284.4	278.9	274.6	271.5	269.7	269.1
7140	1013.7	980	950.5	921.7	893.7	866.5	840	814.2	789.2	765	741.6	719.1	697.4	676.4	656.1	636.5	617.6	599.4	581.8	564.9	548.7	533.1	518.1	503.7	489.8	476.5	463.7	451.4	439.6	428.3	417.4	397.1	378.5	361.7	346.4	332.7	320.5	309.7	300.3	292.2	285.4	279.9	275.6	272.5	270.7	270.1
7160	1014.2	980.5	951	922.3	894.3	867.1	840.7	814.9	789.9	765.7	742.4	719.9	698.2	677.2	657	637.4	618.5	600.3	582.7	565.8	549.6	534	519	504.6	490.7	477.4	464.6	452.3	440.5	429.2	418.4	398	379.5	362.6	347.4	333.7	321.5	310.7	301.3	293.2	286.4	280.8	276.6	273.5	271.7	271.1
7180	1014.7	981	951.6	922.9	895	867.8	841.4	815.6	790.6	766.5	743.2	720.7	699	678	657.8	638.3	619.4	601.1	583.6	566.7	550.5	534.9	519.9	505.5	491.6	478.3	465.5	453.3	441.5	430.2	419.3	399	380.4	363.6	348.4	334.7	322.5	311.7	302.2	294.1	287.3	281.8	277.5	274.5	272.7	272.1
7200	1015.2	981.6	952.1	923.5	895.6	868.5	842	816.3	791.4	767.2	744	721.5	699.8	678.9	658.6	639.1	620.2	602	584.5	567.6	551.4	535.8	520.8	506.4	492.6	479.3	466.5	454.2	442.4	431.1	420.3	399.9	381.4	364.5	349.3	335.6	323.4	312.6	303.2	295.1	288.3	282.8	278.5	275.5	273.6	273
