60	63.4	49.1	39	32.2	27.7	24.7	22.9	21.7	21	20.6	20.3	20.2	20.1	20.1	20	20	20	20	20	20	20	20	20	20	20	20	20	20	20	20	20	20	20	20	20	20	20	20	20	20	20	20	20	20	20	20
120	109	86.8	69.6	56.4	46.4	38.9	33.3	29.3	26.4	24.4	22.9	21.9	21.3	20.8	20.5	20.3	20.2	20.1	20.1	20	20	20	20	20	20	20	20	20	20	20	20	20	20	20	20	20	20	20	20	20	20	20	20	20	20	20
180	146.7	118.1	97.3	80.8	67.4	56.6	48	41.2	35.8	31.7	28.6	26.2	24.5	23.2	22.2	21.6	21.1	20.7	20.5	20.3	20.2	20.1	20.1	20.1	20	20	20	20	20	20	20	20	20	20	20	20	20	20	20	20	20	20	20	20	20	20
240	194.4	147.7	121.6	102.1	86.7	73.8	63.1	54.2	47	41.1	36.4	32.6	29.6	27.2	25.4	24	23	22.2	21.6	21.1	20.8	20.6	20.4	20.3	20.2	20.1	20.1	20.1	20	20	20	20	20	20	20	20	20	20	20	20	20	20	20	20	20	20
300	241.8	187	146.3	122.5	104.3	89.9	77.7	67.3	58.5	51.2	45.1	40	35.9	32.5	29.8	27.6	25.8	24.5	23.4	22.6	21.9	21.4	21.1	20.8	20.6	20.4	20.3	20.2	20.1	20.1	20.1	20	20	20	20	20	20	20	20	20	20	20	20	20	20	20
360	287.2	227.1	178.6	143.4	121.9	104.9	91.4	79.9	69.9	61.4	54.2	48	42.8	38.5	34.9	32	29.5	27.5	25.9	24.6	23.6	22.8	22.1	21.6	21.2	20.9	20.7	20.5	20.4	20.3	20.2	20.1	20.1	20	20	20	20	20	20	20	20	20	20	20	20	20
420	329.5	265.1	212.6	169.6	139.6	120.1	104.5	91.9	81	71.5	63.3	56.3	50.2	45	40.6	36.9	33.8	31.2	29	27.3	25.8	24.6	23.6	22.9	22.2	21.7	21.3	21	20.8	20.6	20.4	20.3	20.1	20.1	20	20	20	20	20	20	20	20	20	20	20	20
480	368.5	300.4	244.7	198.5	160.2	135.6	117.9	103.6	91.8	81.4	72.4	64.5	57.7	51.7	46.6	42.2	38.5	35.3	32.6	30.3	28.4	26.8	25.5	24.4	23.6	22.8	22.2	21.8	21.4	21.1	20.8	20.5	20.3	20.2	20.1	20	20	20	20	20	20	20	20	20	20	20
540	404.4	333.2	274.8	226	185.2	151.9	131.3	115.2	102.1	91	81.3	72.7	65.2	58.6	52.8	47.8	43.5	39.7	36.5	33.8	31.4	29.4	27.8	26.4	25.2	24.2	23.4	22.7	22.2	21.7	21.4	20.9	20.5	20.3	20.2	20.1	20.1	20	20	20	20	20	20	20	20	20
600	437.3	363.7	303	252	208.9	172.4	144.8	127	112.3	100.2	89.9	80.7	72.6	65.4	59	53.5	48.6	44.4	40.7	37.5	34.7	32.3	30.3	28.6	27.1	25.9	24.8	23.9	23.2	22.6	22.1	21.4	20.9	20.5	20.3	20.2	20.1	20.1	20	20	20	20	20	20	20	20
660	467.2	391.9	329.3	276.5	231.7	193.3	160.8	138.6	122.6	109.3	98.2	88.5	79.8	72.1	65.3	59.2	53.9	49.1	45	41.4	38.2	35.4	33.1	31	29.2	27.7	26.5	25.4	24.4	23.7	23	22	21.3	20.8	20.5	20.3	20.2	20.1	20.1	20	20	20	20	20	20	20
720	494.4	418	353.8	299.4	253.1	213.3	179.1	151.1	133	118.4	106.2	96	86.9	78.8	71.5	64.9	59.1	54	49.4	45.4	41.8	38.7	36	33.7	31.6	29.8	28.3	27	25.8	24.9	24.1	22.8	21.9	21.2	20.8	20.5	20.3	20.2	20.1	20.1	20	20	20	20	20	20
780	519.2	442	376.7	321.1	273.4	232.3	196.7	166.1	143.2	127.6	114.4	103.2	93.7	85.2	77.5	70.6	64.4	58.9	53.9	49.5	45.6	42.2	39.1	36.5	34.1	32.1	30.3	28.7	27.4	26.2	25.3	23.7	22.5	21.7	21.2	20.8	20.5	20.3	20.2	20.1	20.1	20.1	20	20	20	20
840	541.9	464.1	398	341.3	292.6	250.4	213.8	181.9	154.6	136.7	122.6	110.6	100.4	91.5	83.4	76.2	69.6	63.7	58.4	53.7	49.5	45.7	42.3	39.4	36.8	34.5	32.4	30.7	29.1	27.8	26.6	24.7	23.3	22.3	21.6	21.1	20.7	20.5	20.3	20.2	20.1	20.1	20.1	20	20	20
900	562.6	484.5	417.9	360.4	310.7	267.6	230	197	168.3	145.9	130.7	117.9	106.9	97.6	89.2	81.6	74.8	68.5	62.9	57.9	53.3	49.3	45.6	42.4	39.5	37	34.7	32.7	31	29.4	28.1	25.9	24.2	23	22.1	21.5	21	20.7	20.5	20.3	20.2	20.1	20.1	20.1	20	20
960	581.7	503.3	436.5	378.3	327.9	284	245.5	211.7	182	156.3	138.8	125.2	113.5	103.5	94.8	87	79.8	73.3	67.4	62.1	57.2	52.9	49	45.5	42.4	39.6	37.1	34.9	32.9	31.2	29.7	27.2	25.2	23.8	22.7	21.9	21.4	20.9	20.6	20.4	20.3	20.2	20.1	20.1	20.1	20.1
1020	599.2	520.8	453.8	395.2	344.1	299.5	260.3	225.7	195.2	168.3	147	132.4	120.1	109.4	100.3	92.2	84.7	78	71.8	66.2	61.1	56.5	52.4	48.6	45.3	42.2	39.5	37.1	35	33	31.3	28.5	26.3	24.7	23.4	22.4	21.7	21.2	20.9	20.6	20.4	20.3	20.2	20.1	20.1	20.1
1080	615.4	537	469.9	411.1	359.4	314.2	274.4	239.2	208	180.4	156.3	139.6	126.7	115.4	105.6	97.2	89.6	82.6	76.2	70.3	65	60.2	55.8	51.8	48.2	45	42	39.4	37.1	35	33.1	30	27.5	25.6	24.1	23	22.2	21.6	21.1	20.8	20.6	20.4	20.3	20.2	20.2	20.2
1140	630.3	552.2	485.1	426	374	328.3	287.9	252.1	220.3	191.9	166.9	147	133.1	121.3	111.1	102.1	94.3	87.1	80.4	74.4	68.8	63.8	59.2	55	51.2	47.7	44.6	41.8	39.3	37	35	31.5	28.8	26.6	25	23.7	22.7	22	21.4	21	20.7	20.5	20.4	20.3	20.2	20.2
1200	644.1	566.3	499.3	440.2	387.8	341.6	300.8	264.5	232.1	203.3	177.6	155.1	139.6	127.3	116.5	107	98.8	91.4	84.6	78.4	72.6	67.4	62.6	58.2	54.2	50.5	47.2	44.2	41.5	39.1	36.9	33.1	30.1	27.7	25.9	24.4	23.3	22.4	21.8	21.3	20.9	20.7	20.5	20.4	20.3	20.3
1260	657.1	579.6	512.7	453.5	401	354.4	313.1	276.4	243.6	214.2	187.9	164.5	146.1	133.1	121.8	111.9	103.3	95.7	88.7	82.3	76.4	70.9	65.9	61.3	57.1	53.3	49.8	46.7	43.8	41.2	38.8	34.8	31.5	28.9	26.8	25.2	23.9	22.9	22.2	21.6	21.2	20.9	20.7	20.5	20.4	20.4
1320	669.2	592.2	525.3	466.2	413.5	366.6	325	287.8	254.6	224.7	197.9	173.9	153.3	138.9	127.2	116.9	107.8	99.9	92.7	86.1	80	74.4	69.2	64.5	60.1	56.1	52.5	49.1	46.1	43.3	40.8	36.5	33	30.1	27.8	26	24.6	23.5	22.6	22	21.5	21.1	20.8	20.7	20.6	20.5
1380	680.5	604	537.3	478.2	425.5	378.3	336.3	298.8	265.2	235	207.7	183.2	161.4	144.7	132.5	121.8	112.3	104	96.6	89.9	83.6	77.8	72.5	67.6	63.1	58.9	55.1	51.6	48.4	45.5	42.8	38.2	34.5	31.4	28.9	26.9	25.3	24.1	23.1	22.3	21.8	21.4	21.1	20.9	20.7	20.7
1440	691.2	615.2	548.7	489.6	436.9	389.5	347.2	309.4	275.4	244.8	217.2	192.2	169.8	151	137.7	126.6	116.8	108.1	100.5	93.6	87.2	81.2	75.8	70.7	66	61.7	57.7	54.1	50.8	47.7	44.9	40	36	32.7	30	27.8	26.1	24.7	23.6	22.8	22.1	21.6	21.3	21.1	20.9	20.9
1500	701.2	625.7	559.5	500.5	447.7	400.3	357.7	319.6	285.3	254.4	226.4	201.1	178.3	157.9	142.9	131.5	121.3	112.2	104.2	97.2	90.6	84.6	78.9	73.7	68.9	64.5	60.4	56.6	53.1	49.9	47	41.9	37.6	34.1	31.2	28.8	26.9	25.4	24.2	23.2	22.5	22	21.6	21.3	21.1	21.1
1560	710.8	635.7	569.8	510.9	458.1	410.6	367.8	329.4	294.8	263.6	235.3	209.7	186.4	165.5	148.4	136.2	125.7	116.3	108	100.7	94	87.8	82.1	76.8	71.8	67.2	63	59.1	55.5	52.1	49.1	43.7	39.2	35.5	32.4	29.8	27.8	26.1	24.8	23.7	22.9	22.3	21.9	21.6	21.4	21.3
1620	719.8	645.2	579.7	520.9	468.1	420.5	377.6	338.9	304.1	272.5	244	218	194.4	173.1	154.4	140.9	130.1	120.4	111.8	104.2	97.3	91	85.2	79.7	74.6	69.9	65.6	61.5	57.8	54.4	51.2	45.6	40.8	36.9	33.6	30.9	28.7	26.9	25.4	24.3	23.4	22.7	22.2	21.9	21.7	21.6
1680	728.4	654.3	589.1	530.4	477.7	430	386.9	348.1	313	281.2	252.4	226.1	202.2	180.5	161	145.7	134.4	124.5	115.6	107.7	100.6	94.2	88.2	82.6	77.5	72.6	68.2	64	60.1	56.6	53.3	47.4	42.5	38.3	34.9	32	29.6	27.7	26.1	24.9	23.9	23.1	22.6	22.2	22	21.9
1740	736.5	662.9	598.1	539.5	486.8	439.2	396	357	321.7	289.7	260.5	234	209.8	187.8	167.8	150.9	138.8	128.6	119.4	111.1	103.8	97.3	91.2	85.5	80.2	75.3	70.7	66.4	62.5	58.8	55.4	49.3	44.2	39.8	36.2	33.1	30.6	28.5	26.8	25.5	24.4	23.6	23	22.6	22.3	22.3
1800	744.3	671.1	606.7	548.3	495.7	448	404.8	365.5	330	297.8	268.5	241.7	217.3	195	174.7	156.5	143.1	132.6	123.1	114.7	107.1	100.3	94.1	88.4	83	77.9	73.2	68.8	64.8	61	57.5	51.2	45.9	41.3	37.5	34.3	31.6	29.4	27.6	26.1	25	24.1	23.4	23	22.7	22.6
1860	751.8	679	615	556.7	504.2	456.6	413.3	373.9	338.2	305.8	276.2	249.2	224.6	202	181.3	162.7	147.6	136.5	126.8	118.1	110.3	103.3	97	91.1	85.6	80.5	75.7	71.2	67.1	63.2	59.6	53.1	47.6	42.9	38.8	35.5	32.7	30.3	28.4	26.8	25.6	24.6	23.9	23.4	23.1	23.1
1920	758.9	686.6	622.9	564.9	512.4	464.8	421.5	382	346.1	313.5	283.7	256.5	231.6	208.8	187.9	168.9	152.5	140.5	130.6	121.6	113.5	106.3	99.8	93.9	88.3	83.1	78.2	73.6	69.4	65.4	61.7	55	49.3	44.4	40.2	36.7	33.7	31.3	29.2	27.6	26.2	25.2	24.4	23.9	23.6	23.5
1980	765.8	693.8	630.6	572.7	520.3	472.8	429.4	389.8	353.8	321	291	263.6	238.5	215.5	194.4	175.1	157.6	144.4	134.2	125.1	116.8	109.3	102.6	96.6	90.9	85.6	80.6	76	71.6	67.5	63.7	56.9	51	45.9	41.6	37.9	34.8	32.2	30.1	28.3	26.9	25.8	25	24.4	24.1	24
2040	772.3	700.8	637.9	580.3	528	480.4	437.1	397.4	361.2	328.3	298.2	270.6	245.3	222.1	200.7	181.1	163.3	148.6	137.8	128.5	120	112.3	105.4	99.2	93.5	88.1	83	78.3	73.8	69.7	65.8	58.8	52.7	47.5	43	39.2	35.9	33.2	31	29.1	27.6	26.4	25.6	25	24.6	24.5
2100	778.7	707.5	645	587.6	535.4	487.9	444.5	404.8	368.5	335.4	305.1	277.4	251.9	228.5	206.9	187	168.9	153.1	141.4	131.9	123.2	115.3	108.2	101.8	96	90.5	85.4	80.6	76.1	71.8	67.9	60.7	54.5	49.1	44.4	40.5	37.1	34.2	31.9	29.9	28.4	27.1	26.2	25.5	25.2	25
2160	784.8	714	651.8	594.7	542.6	495.1	451.7	412	375.6	342.3	311.9	284	258.3	234.7	213	192.9	174.6	157.9	145.1	135.2	126.4	118.3	111	104.4	98.5	93	87.7	82.8	78.3	73.9	69.9	62.6	56.2	50.6	45.9	41.7	38.2	35.3	32.8	30.8	29.1	27.8	26.8	26.2	25.8	25.6
2220	790.6	720.2	658.4	601.5	549.5	502.1	458.7	419	382.5	349.1	318.5	290.5	264.6	240.9	218.9	198.7	180.1	163.1	149	138.5	129.5	121.3	113.8	107	100.9	95.3	90.1	85.1	80.4	76	71.9	64.4	57.9	52.2	47.3	43	39.4	36.3	33.8	31.6	29.9	28.5	27.5	26.8	26.4	26.2
2280	796.3	726.3	664.8	608.2	556.2	508.9	465.6	425.8	389.2	355.7	325	296.8	270.8	246.9	224.8	204.3	185.5	168.2	153.2	141.9	132.7	124.2	116.6	109.6	103.3	97.7	92.3	87.3	82.6	78.1	73.9	66.3	59.6	53.8	48.7	44.4	40.6	37.4	34.8	32.5	30.7	29.3	28.2	27.5	27	26.9
2340	801.8	732.1	670.9	614.6	562.8	515.5	472.2	432.4	395.7	362.1	331.3	303	276.8	252.7	230.5	209.9	190.9	173.4	157.5	145.3	135.7	127.2	119.4	112.2	105.8	100	94.6	89.5	84.7	80.2	75.9	68.2	61.4	55.4	50.2	45.7	41.8	38.5	35.8	33.5	31.6	30.1	29	28.2	27.7	27.6
2400	807.1	737.7	676.9	620.8	569.2	521.9	478.6	438.8	402.1	368.4	337.5	309	282.8	258.5	236.1	215.4	196.2	178.4	162.3	148.8	138.8	130.1	122.1	114.8	108.2	102.2	96.8	91.6	86.8	82.2	77.9	70	63.1	57	51.7	47	43.1	39.7	36.8	34.4	32.5	30.9	29.7	28.9	28.4	28.3
2460	812.2	743.2	682.7	626.9	575.3	528.2	484.9	445.1	408.4	374.6	343.5	314.9	288.5	264.2	241.6	220.7	201.3	183.4	167	152.7	141.9	133	124.9	117.4	110.7	104.6	99	93.8	88.8	84.2	79.8	71.8	64.8	58.6	53.1	48.4	44.3	40.8	37.9	35.4	33.4	31.8	30.5	29.7	29.2	29
2520	817.2	748.5	688.3	632.7	581.4	534.3	491	451.2	414.5	380.6	349.4	320.7	294.2	269.7	247	226	206.5	188.4	171.8	156.6	145	135.9	127.6	120	113.1	106.8	101.1	95.9	90.9	86.2	81.8	73.7	66.5	60.1	54.6	49.8	45.6	42	38.9	36.4	34.3	32.6	31.4	30.5	29.9	29.8
2580	822	753.6	693.7	638.4	587.2	540.2	497	457.2	420.4	386.5	355.2	326.4	299.8	275.1	252.3	231.1	211.5	193.2	176.4	160.9	148.3	138.7	130.3	122.6	115.5	109.1	103.2	97.9	92.9	88.2	83.7	75.5	68.2	61.7	56.1	51.1	46.8	43.1	40	37.4	35.2	33.5	32.2	31.3	30.7	30.6
2640	826.7	758.7	699.1	644	592.9	545.9	502.8	463	426.2	392.2	360.8	331.9	305.2	280.5	257.5	236.2	216.4	198	181	165.3	151.8	141.5	133	125.2	118	111.4	105.4	100	94.9	90.1	85.6	77.2	69.8	63.3	57.5	52.5	48.1	44.3	41.1	38.4	36.2	34.4	33.1	32.1	31.6	31.4
2700	831.2	763.5	704.2	649.4	598.5	551.6	508.5	468.7	431.9	397.8	366.4	337.4	310.5	285.7	262.6	241.2	221.3	202.8	185.6	169.7	155.4	144.5	135.7	127.7	120.4	113.7	107.6	102	96.8	92	87.4	79	71.5	64.9	59	53.9	49.4	45.5	42.2	39.5	37.2	35.4	34	33	32.4	32.2
2760	835.7	768.3	709.3	654.6	603.9	557.1	514	474.2	437.5	403.4	371.8	342.7	315.8	290.8	267.6	246.1	226.1	207.4	190.1	174	159.3	147.5	138.3	130.2	122.8	116	109.7	104	98.8	93.9	89.3	80.8	73.2	66.4	60.5	55.3	50.7	46.8	43.4	40.5	38.2	36.3	34.9	33.9	33.3	33.1
2820	840	772.9	714.2	659.8	609.3	562.5	519.4	479.7	442.9	408.8	377.2	347.9	320.9	295.9	272.6	250.9	230.8	212	194.5	178.3	163.4	150.6	141	132.8	125.2	118.2	111.9	106	100.7	95.8	91.1	82.5	74.8	68	62	56.6	52	48	44.5	41.6	39.2	37.3	35.9	34.8	34.2	34
2880	844.2	777.4	718.9	664.8	614.4	567.7	524.7	485	448.2	414.1	382.4	353.1	326	300.8	277.4	255.7	235.4	216.5	198.9	182.5	167.4	154	143.7	135.3	127.6	120.5	114	108.1	102.6	97.6	92.9	84.3	76.5	69.6	63.4	58	53.3	49.2	45.7	42.7	40.3	38.3	36.8	35.8	35.1	34.9
2940	848.2	781.8	723.6	669.6	619.5	572.9	529.9	490.2	453.4	419.2	387.5	358.1	330.9	305.7	282.2	260.3	240	221	203.3	186.7	171.5	157.4	146.4	137.7	130	122.8	116.2	110.1	104.6	99.5	94.7	86	78.1	71.1	64.9	59.4	54.6	50.5	46.9	43.9	41.4	39.3	37.8	36.7	36.1	35.9
3000	852.2	786.1	728.1	674.4	624.4	577.9	535	495.3	458.5	424.3	392.5	363.1	335.8	310.5	286.9	264.9	244.5	225.4	207.5	190.9	175.4	161.2	149.3	140.2	132.3	125	118.3	112.1	106.5	101.3	96.5	87.7	79.8	72.7	66.4	60.8	56	51.7	48.1	45	42.4	40.4	38.8	37.7	37	36.8
3060	856.1	790.3	732.6	679	629.2	582.8	540	500.3	463.5	429.3	397.5	368	340.6	315.2	291.5	269.4	248.9	229.7	211.7	195	179.4	164.9	152.4	142.7	134.7	127.3	120.4	114.2	108.4	103.1	98.3	89.4	81.4	74.2	67.9	62.2	57.3	53	49.3	46.1	43.5	41.4	39.8	38.7	38	37.8
3120	859.9	794.4	736.9	683.6	633.9	587.7	544.8	505.2	468.4	434.2	402.3	372.7	345.3	319.8	296	273.9	253.2	233.9	215.9	199	183.3	168.7	155.5	145.3	137	129.5	122.6	116.2	110.3	104.9	100	91	83	75.8	69.3	63.6	58.6	54.2	50.5	47.3	44.6	42.5	40.9	39.7	39	38.8
3180	863.6	798.4	741.2	688	638.5	592.4	549.6	510	473.2	439	407.1	377.5	349.9	324.3	300.5	278.3	257.5	238.1	220	203	187.2	172.4	158.9	147.9	139.3	131.7	124.7	118.2	112.2	106.8	101.8	92.7	84.6	77.3	70.8	65	59.9	55.5	51.7	48.5	45.8	43.6	41.9	40.8	40.1	39.8
3240	867.2	802.3	745.3	692.4	643.1	597	554.3	514.7	477.9	443.7	411.8	382.1	354.5	328.8	304.9	282.6	261.7	242.3	224	207	191	176.1	162.4	150.6	141.6	133.9	126.8	120.2	114.1	108.6	103.4	94.3	86.2	78.8	72.3	66.4	61.3	56.8	52.9	49.6	46.9	44.7	43	41.8	41.1	40.9
3300	870.7	806.1	749.4	696.6	647.5	601.6	558.8	519.3	482.5	448.3	416.4	386.6	359	333.2	309.2	286.8	265.9	246.3	228	210.8	194.8	179.8	165.9	153.6	144	136.1	128.9	122.2	116	110.4	105.2	95.9	87.7	80.3	73.7	67.8	62.6	58.1	54.2	50.8	48.1	45.8	44.1	42.9	42.2	41.9
3360	874.2	809.9	753.4	700.8	651.8	606	563.3	523.8	487.1	452.8	420.9	391.1	363.4	337.6	313.5	291	270	250.4	231.9	214.7	198.5	183.4	169.4	156.5	146.4	138.3	131	124.2	118	112.2	106.9	97.6	89.3	81.8	75.1	69.2	64	59.4	55.4	52	49.2	46.9	45.2	44	43.2	43
3420	877.6	813.5	757.3	704.9	656	610.4	567.8	528.3	491.5	457.3	425.4	395.5	367.7	341.8	317.7	295.2	274.1	254.3	235.8	218.5	202.2	187	172.8	159.7	148.9	140.5	133.1	126.2	119.9	114.1	108.7	99.1	90.8	83.3	76.6	70.6	65.3	60.7	56.7	53.2	50.4	48.1	46.3	45.1	44.3	44.1
3480	880.9	817.1	761.1	708.9	660.2	614.7	572.1	532.6	495.9	461.7	429.7	399.9	372	346.1	321.8	299.2	278.1	258.2	239.7	222.2	205.9	190.6	176.3	163	151.5	142.6	135.2	128.2	121.8	115.9	110.4	100.7	92.4	84.8	78	72	66.6	62	57.9	54.5	51.6	49.2	47.4	46.2	45.4	45.2
3540	884.1	820.6	764.8	712.8	664.3	618.8	576.4	536.9	500.2	466	434	404.1	376.2	350.2	325.9	303.2	282	262.1	243.5	226	209.5	194.1	179.7	166.3	154.3	144.9	137.2	130.2	123.7	117.7	112.1	102.3	93.9	86.3	79.5	73.4	68	63.3	59.2	55.7	52.8	50.4	48.6	47.3	46.5	46.3
3600	887.3	824.1	768.5	716.7	668.3	623	580.6	541.1	504.4	470.2	438.3	408.3	380.4	354.3	330	307.2	285.9	265.9	247.2	229.6	213.1	197.6	183.1	169.6	157.1	147.2	139.3	132.2	125.6	119.5	113.9	103.8	95.4	87.7	80.9	74.8	69.3	64.6	60.4	56.9	54	51.6	49.7	48.4	47.7	47.4
3620	888.4	825.2	769.7	718	669.6	624.3	581.9	542.5	505.8	471.6	439.6	409.7	381.7	355.6	331.3	308.5	287.2	267.2	248.4	230.8	214.3	198.8	184.2	170.7	158.1	148	139.9	132.8	126.2	120.1	114.4	104.4	95.9	88.2	81.4	75.2	69.8	65	60.9	57.3	54.4	52	50.1	48.8	48	47.8
3640	889.4	826.3	770.9	719.2	670.9	625.7	583.3	543.9	507.2	473	441	411.1	383.1	357	332.6	309.8	288.5	268.4	249.7	232	215.5	199.9	185.3	171.7	159.1	148.8	140.6	133.5	126.9	120.7	115	104.9	96.4	88.7	81.8	75.7	70.2	65.4	61.3	57.7	54.8	52.4	50.5	49.2	48.4	48.2
3660	890.4	827.4	772.1	720.5	672.2	627	584.7	545.3	508.6	474.4	442.4	412.5	384.5	358.3	333.9	311.1	289.7	269.7	250.9	233.2	216.7	201.1	186.4	172.8	160.2	149.6	141.3	134.2	127.5	121.3	115.6	105.5	96.9	89.2	82.3	76.1	70.7	65.9	61.7	58.1	55.2	52.8	50.9	49.6	48.8	48.5
3680	891.4	828.5	773.3	721.7	673.5	628.3	586	546.6	510	475.8	443.8	413.8	385.8	359.7	335.2	312.4	291	270.9	252.1	234.4	217.8	202.2	187.6	173.9	161.2	150.4	142	134.8	128.1	121.9	116.2	106	97.4	89.7	82.8	76.6	71.1	66.3	62.1	58.6	55.6	53.2	51.3	50	49.2	48.9
3700	892.5	829.6	774.5	722.9	674.8	629.7	587.4	548	511.3	477.1	445.1	415.2	387.2	361	336.5	313.7	292.3	272.2	253.3	235.6	219	203.4	188.7	175	162.2	151.3	142.7	135.4	128.7	122.5	116.8	106.6	97.9	90.2	83.3	77.1	71.6	66.7	62.5	59	56	53.6	51.7	50.4	49.6	49.3
3720	893.5	830.7	775.7	724.2	676.1	631	588.7	549.4	512.7	478.5	446.5	416.6	388.5	362.3	337.8	315	293.5	273.4	254.5	236.8	220.2	204.5	189.8	176	163.3	152.1	143.4	136.1	129.4	123.1	117.3	107.1	98.4	90.7	83.7	77.5	72	67.2	63	59.4	56.4	53.9	52.1	50.7	50	49.7
3740	894.5	831.8	776.8	725.4	677.3	632.3	590.1	550.7	514	479.8	447.9	417.9	389.8	363.6	339.1	316.2	294.8	274.6	255.7	238	221.3	205.6	190.9	177.1	164.3	153	144.1	136.7	130	123.7	117.9	107.6	98.8	91.1	84.2	78	72.5	67.6	63.4	59.8	56.8	54.3	52.5	51.1	50.3	50.1
3760	895.5	832.9	778	726.6	678.6	633.6	591.4	552	515.4	481.2	449.2	419.2	391.2	364.9	340.4	317.5	296	275.9	256.9	239.2	222.5	206.7	192	178.2	165.3	153.8	144.8	137.4	130.6	124.3	118.5	108.1	99.3	91.6	84.7	78.4	72.9	68	63.8	60.2	57.2	54.7	52.9	51.5	50.7	50.5
3780	896.5	834	779.1	727.8	679.8	634.9	592.7	553.4	516.7	482.5	450.5	420.6	392.5	366.2	341.7	318.8	297.3	277.1	258.1	240.3	223.6	207.9	193.1	179.2	166.3	154.7	145.6	138.1	131.3	124.9	119.1	108.6	99.8	92.1	85.1	78.9	73.4	68.5	64.2	60.6	57.6	55.1	53.3	51.9	51.1	50.8
3800	897.5	835	780.3	729	681.1	636.2	594	554.7	518.1	483.9	451.9	421.9	393.8	367.5	343	320	298.5	278.3	259.3	241.5	224.8	209	194.2	180.3	167.3	155.6	146.3	138.7	131.9	125.5	119.7	109.2	100.3	92.6	85.6	79.4	73.8	68.9	64.7	61	58	55.5	53.7	52.3	51.5	51.2
3820	898.4	836.1	781.4	730.2	682.3	637.4	595.3	556	519.4	485.2	453.2	423.2	395.1	368.8	344.3	321.3	299.7	279.5	260.5	242.7	225.9	210.1	195.3	181.3	168.4	156.5	147	139.4	132.5	126.1	120.2	109.7	100.8	93	86.1	79.8	74.2	69.4	65.1	61.5	58.4	55.9	54	52.7	51.9	51.6
3840	899.4	837.2	782.6	731.4	683.6	638.7	596.6	557.3	520.7	486.5	454.5	424.5	396.4	370.1	345.5	322.5	301	280.7	261.7	243.8	227	211.2	196.4	182.4	169.4	157.4	147.8	140	133.1	126.7	120.8	110.2	101.3	93.5	86.5	80.3	74.7	69.8	65.5	61.9	58.8	56.4	54.4	53.1	52.3	52
3860	900.4	838.2	783.7	732.6	684.8	640	597.9	558.6	522	487.8	455.8	425.8	397.7	371.4	346.8	323.8	302.2	281.9	262.9	245	228.2	212.3	197.4	183.5	170.4	158.3	148.5	140.6	133.8	127.4	121.4	110.8	101.8	94	87	80.7	75.1	70.2	65.9	62.3	59.2	56.8	54.8	53.5	52.7	52.4
3880	901.4	839.2	784.8	733.7	686	641.2	599.2	559.9	523.3	489.1	457.1	427.1	399	372.7	348	325	303.4	283.1	264.1	246.1	229.3	213.4	198.5	184.5	171.4	159.3	149.3	141.3	134.4	128	122	111.3	102.2	94.5	87.5	81.2	75.6	70.7	66.4	62.7	59.6	57.2	55.2	53.9	53.1	52.8
3900	902.3	840.3	785.9	734.9	687.2	642.5	600.5	561.2	524.6	490.4	458.4	428.4	400.3	373.9	349.3	326.2	304.6	284.3	265.2	247.3	230.4	214.5	199.6	185.6	172.5	160.3	150	141.9	135	128.6	122.5	111.8	102.7	94.9	87.9	81.6	76	71.1	66.8	63.1	60.1	57.6	55.6	54.3	53.5	53.2
3920	903.3	841.3	787	736.1	688.4	643.7	601.7	562.5	525.9	491.7	459.7	429.7	401.5	375.2	350.5	327.5	305.8	285.5	266.4	248.4	231.5	215.6	200.7	186.6	173.5	161.2	150.8	142.6	135.6	129.1	123.1	112.4	103.2	95.4	88.4	82.1	76.5	71.5	67.2	63.5	60.5	58	56	54.7	53.9	53.6
3940	904.2	842.3	788.1	737.2	689.6	645	603	563.7	527.2	493	461	431	402.8	376.4	351.8	328.7	307	286.7	267.6	249.6	232.7	216.7	201.8	187.7	174.5	162.2	151.6	143.3	136.2	129.7	123.7	112.9	103.7	95.8	88.8	82.5	76.9	72	67.7	64	60.9	58.4	56.4	55.1	54.2	54
3960	905.1	843.3	789.2	738.4	690.8	646.2	604.3	565	528.4	494.3	462.3	432.3	404.1	377.7	353	329.9	308.2	287.8	268.7	250.7	233.8	217.8	202.8	188.7	175.5	163.2	152.4	143.9	136.8	130.3	124.3	113.4	104.2	96.3	89.3	83	77.4	72.4	68.1	64.4	61.3	58.8	56.8	55.5	54.6	54.4
3980	906.1	844.3	790.3	739.5	692	647.4	605.5	566.3	529.7	495.5	463.5	433.5	405.4	378.9	354.2	331.1	309.4	289	269.9	251.8	234.9	218.9	203.9	189.7	176.5	164.1	153.2	144.6	137.5	130.9	124.8	113.9	104.7	96.8	89.7	83.4	77.8	72.8	68.5	64.8	61.7	59.2	57.2	55.9	55	54.8
4000	907	845.3	791.4	740.6	693.1	648.6	606.8	567.5	531	496.8	464.8	434.8	406.6	380.2	355.5	332.3	310.6	290.2	271	253	236	220	204.9	190.8	177.5	165.1	154.1	145.3	138.1	131.5	125.4	114.5	105.2	97.3	90.2	83.9	78.2	73.3	68.9	65.2	62.1	59.6	57.6	56.3	55.4	55.2
4020	907.9	846.3	792.4	741.8	694.3	649.8	608	568.8	532.2	498	466	436	407.9	381.4	356.7	333.5	311.8	291.4	272.2	254.1	237.1	221.1	206	191.8	178.5	166.1	154.9	146	138.7	132.1	126	115	105.7	97.7	90.7	84.3	78.7	73.7	69.4	65.6	62.5	60	58.1	56.7	55.8	55.6
4040	908.8	847.3	793.5	742.9	695.5	651	609.2	570	533.5	499.3	467.3	437.3	409.1	382.6	357.9	334.7	312.9	292.5	273.3	255.2	238.2	222.2	207.1	192.8	179.5	167	155.7	146.7	139.3	132.7	126.6	115.5	106.2	98.2	91.1	84.8	79.1	74.1	69.8	66.1	62.9	60.4	58.5	57.1	56.2	56
4060	909.8	848.3	794.6	744	696.6	652.2	610.4	571.3	534.7	500.5	468.5	438.5	410.3	383.9	359.1	335.9	314.1	293.7	274.4	256.3	239.3	223.2	208.1	193.9	180.5	168	156.6	147.4	139.9	133.3	127.1	116.1	106.7	98.6	91.6	85.2	79.6	74.6	70.2	66.5	63.4	60.8	58.9	57.5	56.6	56.4
4080	910.7	849.3	795.6	745.1	697.8	653.4	611.7	572.5	535.9	501.8	469.8	439.8	411.6	385.1	360.3	337.1	315.3	294.8	275.6	257.4	240.4	224.3	209.2	194.9	181.5	169	157.4	148.1	140.5	133.9	127.7	116.6	107.1	99.1	92	85.7	80	75	70.6	66.9	63.8	61.2	59.3	57.9	57	56.8
4100	911.6	850.3	796.7	746.2	698.9	654.6	612.9	573.7	537.2	503	471	441	412.8	386.3	361.5	338.3	316.5	296	276.7	258.5	241.5	225.4	210.2	195.9	182.5	170	158.3	148.8	141.1	134.5	128.3	117.1	107.6	99.5	92.5	86.1	80.4	75.4	71.1	67.3	64.2	61.6	59.7	58.3	57.4	57.2
4120	912.5	851.2	797.7	747.3	700.1	655.8	614.1	574.9	538.4	504.3	472.3	442.2	414	387.5	362.7	339.4	317.6	297.1	277.8	259.7	242.5	226.4	211.2	196.9	183.5	170.9	159.2	149.5	141.8	135.1	128.9	117.7	108.1	100	92.9	86.6	80.9	75.9	71.5	67.7	64.6	62	60.1	58.7	57.8	57.6
4140	913.4	852.2	798.8	748.4	701.2	656.9	615.3	576.2	539.6	505.5	473.5	443.4	415.2	388.7	363.9	340.6	318.8	298.2	278.9	260.8	243.6	227.5	212.3	198	184.5	171.9	160.1	150.3	142.4	135.7	129.4	118.2	108.6	100.4	93.4	87	81.3	76.3	71.9	68.2	65	62.5	60.5	59.1	58.2	58
4160	914.2	853.1	799.8	749.5	702.3	658.1	616.5	577.4	540.8	506.7	474.7	444.7	416.4	389.9	365.1	341.8	319.9	299.4	280	261.8	244.7	228.6	213.3	199	185.5	172.8	161.1	151	143	136.3	130	118.7	109.1	100.9	93.8	87.4	81.8	76.7	72.3	68.6	65.4	62.9	60.9	59.5	58.6	58.4
4180	915.1	854.1	800.8	750.5	703.4	659.2	617.7	578.6	542	507.9	475.9	445.9	417.7	391.1	366.3	342.9	321.1	300.5	281.2	262.9	245.8	229.6	214.4	200	186.4	173.8	162	151.7	143.7	136.8	130.6	119.3	109.6	101.4	94.3	87.9	82.2	77.2	72.8	69	65.8	63.3	61.3	59.9	59	58.8
4200	916	855	801.8	751.6	704.6	660.4	618.8	579.8	543.3	509.1	477.1	447.1	418.9	392.3	367.4	344.1	322.2	301.6	282.3	264	246.8	230.7	215.4	201	187.4	174.7	162.9	152.5	144.3	137.4	131.1	119.8	110.1	101.8	94.7	88.3	82.6	77.6	73.2	69.4	66.3	63.7	61.7	60.3	59.5	59.2
4220	916.9	856	802.9	752.7	705.7	661.5	620	580.9	544.4	510.3	478.3	448.3	420.1	393.5	368.6	345.3	323.3	302.7	283.4	265.1	247.9	231.7	216.4	202	188.4	175.7	163.8	153.3	145	138	131.7	120.3	110.6	102.2	95.1	88.8	83.1	78	73.6	69.8	66.7	64.1	62.1	60.7	59.9	59.6
4240	917.7	856.9	803.9	753.7	706.8	662.7	621.2	582.1	545.6	511.5	479.5	449.5	421.2	394.7	369.8	346.4	324.5	303.9	284.5	266.2	249	232.7	217.4	203	189.4	176.6	164.7	154.1	145.6	138.6	132.3	120.9	111	102.7	95.6	89.2	83.5	78.5	74	70.3	67.1	64.5	62.5	61.1	60.3	60
4260	918.6	857.8	804.9	754.8	707.9	663.8	622.3	583.3	546.8	512.7	480.7	450.7	422.4	395.9	370.9	347.6	325.6	305	285.6	267.3	250	233.8	218.5	204	190.4	177.6	165.6	154.9	146.3	139.2	132.8	121.4	111.5	103.1	96	89.6	83.9	78.9	74.5	70.7	67.5	64.9	62.9	61.5	60.7	60.4
4280	919.5	858.8	805.9	755.8	709	664.9	623.5	584.5	548	513.9	481.9	451.9	423.6	397	372.1	348.7	326.7	306.1	286.6	268.3	251.1	234.8	219.5	205	191.3	178.5	166.5	155.7	146.9	139.8	133.4	121.9	112	103.6	96.4	90.1	84.4	79.3	74.9	71.1	67.9	65.3	63.3	61.9	61.1	60.8
4300	920.3	859.7	806.9	756.9	710	666	624.6	585.7	549.2	515.1	483.1	453	424.8	398.2	373.2	349.8	327.9	307.2	287.7	269.4	252.1	235.8	220.5	206	192.3	179.5	167.5	156.5	147.6	140.4	134	122.4	112.5	104	96.9	90.5	84.8	79.7	75.3	71.5	68.3	65.8	63.8	62.3	61.5	61.2
4320	921.2	860.6	807.9	757.9	711.1	667.2	625.8	586.8	550.4	516.2	484.2	454.2	425.9	399.4	374.4	351	329	308.3	288.8	270.5	253.2	236.9	221.5	207	193.3	180.4	168.4	157.3	148.3	141	134.5	123	113	104.5	97.3	90.9	85.2	80.2	75.7	71.9	68.8	66.2	64.2	62.7	61.9	61.6
4340	922	861.5	808.8	759	712.2	668.3	626.9	588	551.5	517.4	485.4	455.4	427.1	400.5	375.5	352.1	330.1	309.4	289.9	271.5	254.2	237.9	222.5	208	194.3	181.4	169.3	158.1	149	141.5	135.1	123.5	113.5	105	97.8	91.4	85.6	80.6	76.2	72.4	69.2	66.6	64.6	63.1	62.3	62
4360	922.8	862.4	809.8	760	713.3	669.4	628.1	589.1	552.7	518.6	486.6	456.5	428.3	401.7	376.7	353.2	331.2	310.5	291	272.6	255.3	238.9	223.5	209	195.2	182.3	170.2	159	149.6	142.1	135.7	124	114	105.4	98.2	91.8	86.1	81	76.6	72.8	69.6	67	65	63.6	62.7	62.4
4380	923.7	863.3	810.8	761	714.3	670.5	629.2	590.3	553.8	519.7	487.7	457.7	429.4	402.8	377.8	354.3	332.3	311.6	292	273.7	256.3	239.9	224.5	209.9	196.2	183.2	171.1	159.8	150.3	142.7	136.2	124.6	114.5	105.9	98.7	92.3	86.5	81.4	77	73.2	70	67.4	65.4	64	63.1	62.8
4400	924.5	864.2	811.8	762	715.4	671.6	630.3	591.4	555	520.9	488.9	458.8	430.6	404	378.9	355.5	333.4	312.7	293.1	274.7	257.3	241	225.5	210.9	197.1	184.2	172	160.7	151.1	143.3	136.8	125.1	115	106.4	99.1	92.7	86.9	81.9	77.4	73.6	70.4	67.8	65.8	64.4	63.5	63.2
4420	925.3	865.1	812.7	763	716.4	672.7	631.4	592.5	556.1	522	490	460	431.7	405.1	380.1	356.6	334.5	313.7	294.2	275.8	258.4	242	226.5	211.9	198.1	185.1	172.9	161.6	151.8	143.9	137.3	125.6	115.5	106.8	99.5	93.1	87.4	82.3	77.9	74	70.8	68.2	66.2	64.8	63.9	63.6
4440	926.1	866	813.7	764.1	717.5	673.7	632.5	593.7	557.3	523.2	491.2	461.1	432.9	406.2	381.2	357.7	335.6	314.8	295.2	276.8	259.4	243	227.5	212.9	199.1	186	173.8	162.5	152.5	144.6	137.9	126.1	116	107.3	99.9	93.5	87.8	82.7	78.3	74.5	71.3	68.6	66.6	65.2	64.3	64
4460	927	866.9	814.6	765.1	718.5	674.8	633.6	594.8	558.4	524.3	492.3	462.3	434	407.4	382.3	358.8	336.7	315.9	296.3	277.8	260.4	244	228.5	213.8	200	187	174.7	163.3	153.2	145.2	138.5	126.7	116.5	107.7	100.3	93.9	88.2	83.1	78.7	74.9	71.7	69.1	67	65.6	64.7	64.5
4480	927.8	867.7	815.6	766.1	719.6	675.9	634.7	595.9	559.5	525.4	493.5	463.4	435.1	408.5	383.4	359.9	337.8	317	297.4	278.9	261.5	245	229.5	214.8	201	187.9	175.6	164.2	154	145.8	139	127.2	116.9	108.2	100.8	94.4	88.6	83.6	79.1	75.3	72.1	69.5	67.5	66	65.2	64.9
4500	928.6	868.6	816.5	767.1	720.6	677	635.8	597	560.6	526.6	494.6	464.5	436.3	409.6	384.5	361	338.8	318	298.4	279.9	262.5	246	230.5	215.8	201.9	188.8	176.5	165.1	154.7	146.4	139.6	127.7	117.4	108.6	101.2	94.8	89.1	84	79.5	75.7	72.5	69.9	67.9	66.4	65.6	65.3
4520	929.4	869.5	817.4	768	721.6	678	636.9	598.2	561.8	527.7	495.7	465.7	437.4	410.7	385.6	362.1	339.9	319.1	299.5	280.9	263.5	247	231.4	216.7	202.8	189.7	177.4	165.9	155.5	147.1	140.2	128.3	117.9	109.1	101.6	95.2	89.5	84.4	80	76.1	72.9	70.3	68.3	66.8	66	65.7
4540	930.2	870.3	818.4	769	722.7	679.1	638	599.3	562.9	528.8	496.8	466.8	438.5	411.8	386.7	363.2	341	320.1	300.5	282	264.5	248	232.4	217.7	203.8	190.7	178.3	166.8	156.3	147.7	140.7	128.8	118.4	109.6	102	95.6	89.9	84.8	80.4	76.6	73.3	70.7	68.7	67.2	66.4	66.1
4560	931	871.2	819.3	770	723.7	680.1	639.1	600.4	564	529.9	497.9	467.9	439.6	413	387.8	364.2	342.1	321.2	301.5	283	265.5	249	233.4	218.7	204.7	191.6	179.2	167.7	157	148.4	141.3	129.3	118.9	110	102.4	96	90.3	85.2	80.8	77	73.8	71.1	69.1	67.7	66.8	66.5
4580	931.8	872	820.2	771	724.7	681.2	640.2	601.5	565.1	531	499.1	469	440.7	414.1	388.9	365.3	343.1	322.3	302.6	284	266.5	250	234.4	219.6	205.7	192.5	180.1	168.6	157.8	149	141.8	129.8	119.4	110.5	102.9	96.4	90.7	85.7	81.2	77.4	74.2	71.5	69.5	68.1	67.2	66.9
4600	932.6	872.9	821.1	772	725.7	682.2	641.2	602.6	566.2	532.1	500.2	470.1	441.8	415.2	390	366.4	344.2	323.3	303.6	285	267.5	251	235.3	220.6	206.6	193.4	181	169.4	158.6	149.7	142.4	130.4	119.9	110.9	103.3	96.9	91.1	86.1	81.6	77.8	74.6	72	69.9	68.5	67.6	67.3
4620	933.3	873.7	822.1	772.9	726.7	683.2	642.3	603.6	567.3	533.2	501.3	471.2	442.9	416.3	391.1	367.5	345.3	324.3	304.6	286.1	268.5	252	236.3	221.5	207.5	194.3	181.9	170.3	159.4	150.3	143	130.9	120.4	111.4	103.7	97.3	91.6	86.5	82	78.2	75	72.4	70.3	68.9	68	67.7
4640	934.1	874.6	823	773.9	727.7	684.3	643.4	604.7	568.4	534.3	502.4	472.3	444	417.3	392.2	368.5	346.3	325.4	305.7	287.1	269.5	252.9	237.3	222.5	208.5	195.3	182.8	171.1	160.2	151	143.6	131.4	120.9	111.8	104.2	97.7	92	86.9	82.5	78.6	75.4	72.8	70.7	69.3	68.4	68.1
4660	934.9	875.4	823.9	774.8	728.7	685.3	644.4	605.8	569.5	535.4	503.5	473.4	445.1	418.4	393.3	369.6	347.4	326.4	306.7	288.1	270.5	253.9	238.2	223.4	209.4	196.2	183.7	172	161.1	151.7	144.1	131.9	121.4	112.3	104.6	98.1	92.4	87.3	82.9	79	75.8	73.2	71.2	69.7	68.8	68.6
4680	935.7	876.2	824.8	775.8	729.7	686.3	645.5	606.9	570.5	536.5	504.5	474.5	446.2	419.5	394.3	370.7	348.4	327.5	307.7	289.1	271.5	254.9	239.2	224.4	210.3	197.1	184.6	172.9	161.9	152.4	144.7	132.4	121.9	112.8	105	98.6	92.8	87.7	83.3	79.5	76.2	73.6	71.6	70.1	69.3	69
4700	936.4	877.1	825.7	776.7	730.7	687.3	646.5	607.9	571.6	537.6	505.6	475.6	447.3	420.6	395.4	371.7	349.5	328.5	308.7	290.1	272.5	255.9	240.1	225.3	211.3	198	185.5	173.7	162.8	153.1	145.3	132.9	122.4	113.2	105.5	98.9	93.2	88.2	83.7	79.9	76.6	74	72	70.5	69.7	69.4
4720	937.2	877.9	826.6	777.7	731.7	688.4	647.5	609	572.7	538.7	506.7	476.7	448.4	421.7	396.5	372.8	350.5	329.5	309.7	291.1	273.5	256.8	241.1	226.2	212.2	198.9	186.3	174.6	163.6	153.8	145.9	133.5	122.8	113.7	105.9	99.3	93.6	88.6	84.1	80.3	77.1	74.4	72.4	70.9	70.1	69.8
4740	938	878.7	827.4	778.6	732.6	689.4	648.6	610.1	573.8	539.7	507.8	477.7	449.4	422.7	397.5	373.8	351.5	330.5	310.8	292.1	274.5	257.8	242.1	227.2	213.1	199.8	187.2	175.4	164.4	154.5	146.5	134	123.3	114.1	106.3	99.7	94	89	84.5	80.7	77.5	74.8	72.8	71.4	70.5	70.2
4760	938.7	879.5	828.3	779.6	733.6	690.4	649.6	611.1	574.8	540.8	508.9	478.8	450.5	423.8	398.6	374.9	352.6	331.6	311.8	293.1	275.4	258.8	243	228.1	214	200.7	188.1	176.3	165.2	155.2	147.2	134.5	123.8	114.6	106.7	100.1	94.4	89.4	84.9	81.1	77.9	75.3	73.2	71.8	70.9	70.6
4780	939.5	880.3	829.2	780.5	734.6	691.4	650.6	612.2	575.9	541.9	509.9	479.9	451.6	424.9	399.7	375.9	353.6	332.6	312.8	294.1	276.4	259.7	243.9	229	214.9	201.6	189	177.1	166.1	156	147.8	135	124.3	115	107.2	100.5	94.9	89.8	85.4	81.5	78.3	75.7	73.6	72.2	71.3	71
4800	940.2	881.2	830.1	781.4	735.5	692.4	651.7	613.2	576.9	542.9	511	480.9	452.6	425.9	400.7	377	354.6	333.6	313.8	295.1	277.4	260.7	244.9	230	215.8	202.5	189.9	178	166.9	156.7	148.4	135.6	124.8	115.5	107.6	101	95.3	90.2	85.8	81.9	78.7	76.1	74	72.6	71.7	71.4
4820	941	882	830.9	782.3	736.5	693.4	652.7	614.2	578	544	512	482	453.7	427	401.8	378	355.7	334.6	314.8	296	278.3	261.6	245.8	230.9	216.7	203.4	190.7	178.9	167.7	157.4	149	136.1	125.3	116	108	101.4	95.7	90.6	86.2	82.3	79.1	76.5	74.4	73	72.1	71.8
4840	941.7	882.8	831.8	783.2	737.4	694.3	653.7	615.3	579	545	513.1	483.1	454.7	428	402.8	379	356.7	335.6	315.8	297	279.3	262.6	246.8	231.8	217.7	204.3	191.6	179.7	168.6	158.2	149.6	136.6	125.8	116.4	108.5	101.7	96	91	86.6	82.8	79.5	76.9	74.9	73.4	72.5	72.2
4860	942.5	883.5	832.7	784.2	738.4	695.3	654.7	616.3	580.1	546.1	514.2	484.1	455.8	429.1	403.9	380.1	357.7	336.6	316.8	298	280.3	263.5	247.7	232.7	218.6	205.2	192.5	180.6	169.4	158.9	150.2	137.1	126.3	116.9	108.9	102.1	96.4	91.4	87	83.2	79.9	77.3	75.3	73.8	72.9	72.7
4880	943.2	884.3	833.5	785.1	739.3	696.3	655.7	617.3	581.1	547.1	515.2	485.2	456.8	430.1	404.9	381.1	358.7	337.6	317.7	299	281.2	264.5	248.6	233.6	219.5	206	193.4	181.4	170.2	159.7	150.9	137.6	126.8	117.3	109.3	102.5	96.8	91.8	87.4	83.6	80.3	77.7	75.7	74.2	73.4	73.1
4900	943.9	885.1	834.4	786	740.3	697.3	656.7	618.4	582.2	548.2	516.2	486.2	457.9	431.2	405.9	382.1	359.7	338.6	318.7	299.9	282.2	265.4	249.6	234.6	220.4	206.9	194.2	182.2	171	160.5	151.5	138.2	127.3	117.8	109.7	102.9	97.2	92.2	87.8	84	80.8	78.1	76.1	74.6	73.8	73.5
4920	944.7	885.9	835.2	786.9	741.2	698.2	657.7	619.4	583.2	549.2	517.3	487.2	458.9	432.2	407	383.1	360.7	339.6	319.7	300.9	283.2	266.4	250.5	235.5	221.3	207.8	195.1	183.1	171.8	161.3	152.2	138.7	127.7	118.3	110.2	103.3	97.6	92.6	88.2	84.4	81.2	78.5	76.5	75	74.2	73.9
4940	945.4	886.7	836.1	787.8	742.2	699.2	658.7	620.4	584.2	550.2	518.3	488.3	460	433.2	408	384.2	361.7	340.6	320.7	301.9	284.1	267.3	251.4	236.4	222.2	208.7	195.9	183.9	172.6	162.1	152.8	139.2	128.2	118.7	110.6	103.7	98	93	88.6	84.8	81.6	78.9	76.9	75.5	74.6	74.3
4960	946.1	887.5	836.9	788.7	743.1	700.2	659.7	621.4	585.2	551.3	519.3	489.3	461	434.3	409	385.2	362.7	341.6	321.7	302.8	285.1	268.2	252.3	237.3	223	209.6	196.8	184.8	173.5	162.9	153.5	139.7	128.7	119.2	111	104.2	98.4	93.4	89	85.2	82	79.3	77.3	75.9	75	74.7
4980	946.8	888.2	837.8	789.5	744	701.1	660.6	622.4	586.3	552.3	520.4	490.3	462	435.3	410	386.2	363.7	342.6	322.6	303.8	286	269.2	253.3	238.2	223.9	210.4	197.7	185.6	174.3	163.7	154.2	140.2	129.2	119.6	111.5	104.6	98.8	93.8	89.4	85.6	82.4	79.8	77.7	76.3	75.4	75.1
5000	947.5	889	838.6	790.4	744.9	702.1	661.6	623.4	587.3	553.3	521.4	491.4	463	436.3	411	387.2	364.7	343.6	323.6	304.8	287	270.1	254.2	239.1	224.8	211.3	198.5	186.4	175.1	164.5	154.9	140.7	129.7	120.1	111.9	105	99.2	94.2	89.8	86	82.8	80.2	78.1	76.7	75.8	75.5
5020	948.3	889.8	839.4	791.3	745.8	703	662.6	624.4	588.3	554.3	522.4	492.4	464.1	437.3	412.1	388.2	365.7	344.6	324.6	305.7	287.9	271	255.1	240	225.7	212.2	199.4	187.3	175.9	165.3	155.6	141.2	130.2	120.6	112.3	105.4	99.6	94.6	90.2	86.4	83.2	80.6	78.5	77.1	76.2	75.9
5040	949	890.5	840.2	792.2	746.8	704	663.6	625.4	589.3	555.3	523.4	493.4	465.1	438.3	413.1	389.2	366.7	345.5	325.5	306.7	288.8	272	256	240.9	226.6	213.1	200.2	188.1	176.7	166.1	156.3	141.8	130.7	121	112.8	105.8	99.9	95	90.6	86.8	83.6	81	78.9	77.5	76.6	76.3
5060	949.7	891.3	841.1	793.1	747.7	704.9	664.5	626.4	590.3	556.3	524.4	494.4	466.1	439.3	414.1	390.2	367.7	346.5	326.5	307.6	289.8	272.9	256.9	241.8	227.5	213.9	201.1	189	177.5	166.9	157	142.3	131.2	121.5	113.2	106.2	100.3	95.4	91	87.2	84	81.4	79.3	77.9	77	76.7
5080	950.4	892.1	841.9	793.9	748.6	705.8	665.5	627.4	591.3	557.3	525.4	495.4	467.1	440.3	415.1	391.2	368.7	347.5	327.5	308.6	290.7	273.8	257.8	242.7	228.4	214.8	201.9	189.8	178.4	167.7	157.7	142.8	131.7	122	113.6	106.6	100.7	95.7	91.4	87.6	84.4	81.8	79.7	78.3	77.4	77.1
5100	951.1	892.8	842.7	794.8	749.5	706.8	666.5	628.3	592.3	558.3	526.4	496.4	468.1	441.4	416.1	392.2	369.7	348.4	328.4	309.5	291.6	274.7	258.7	243.6	229.2	215.7	202.8	190.6	179.2	168.5	158.4	143.3	132.1	122.4	114.1	107	101.1	96.1	91.8	88	84.8	82.2	80.1	78.7	77.8	77.5
5120	951.8	893.6	843.5	795.7	750.4	707.7	667.4	629.3	593.3	559.3	527.4	497.4	469.1	442.3	417.1	393.2	370.6	349.4	329.4	310.5	292.6	275.6	259.6	244.5	230.1	216.5	203.6	191.5	180	169.2	159.2	143.9	132.6	122.9	114.5	107.4	101.5	96.5	92.1	88.4	85.2	82.6	80.6	79.1	78.2	78
5140	952.5	894.3	844.3	796.5	751.3	708.6	668.4	630.3	594.3	560.3	528.4	498.4	470.1	443.3	418.1	394.2	371.6	350.4	330.3	311.4	293.5	276.6	260.5	245.4	231	217.4	204.5	192.3	180.8	170	160	144.4	133.1	123.3	114.9	107.8	101.8	96.9	92.5	88.8	85.6	83	81	79.5	78.6	78.4
5160	953.2	895	845.1	797.4	752.2	709.5	669.3	631.3	595.2	561.3	529.4	499.4	471.1	444.3	419.1	395.1	372.6	351.3	331.3	312.3	294.4	277.5	261.4	246.2	231.9	218.2	205.3	193.1	181.6	170.8	160.7	145	133.6	123.8	115.3	108.2	102.2	97.2	92.9	89.2	86	83.4	81.4	79.9	79.1	78.8
5180	953.8	895.8	845.9	798.2	753	710.5	670.2	632.2	596.2	562.3	530.4	500.4	472.1	445.3	420	396.1	373.6	352.3	332.2	313.3	295.3	278.4	262.3	247.1	232.7	219.1	206.2	194	182.4	171.6	161.5	145.5	134	124.2	115.8	108.6	102.6	97.6	93.3	89.5	86.4	83.8	81.8	80.3	79.5	79.2
5200	954.5	896.5	846.7	799.1	753.9	711.4	671.2	633.2	597.2	563.3	531.4	501.4	473.1	446.3	421	397.1	374.5	353.2	333.2	314.2	296.3	279.3	263.2	248	233.6	219.9	207	194.8	183.2	172.4	162.3	146.1	134.5	124.7	116.2	109	103	98	93.7	89.9	86.8	84.2	82.2	80.7	79.9	79.6
5220	955.2	897.2	847.5	799.9	754.8	712.3	672.1	634.1	598.2	564.3	532.4	502.4	474	447.3	422	398.1	375.5	354.2	334.1	315.1	297.2	280.2	264.1	248.9	234.5	220.8	207.9	195.6	184	173.2	163	146.6	135	125.1	116.6	109.4	103.4	98.4	94.1	90.3	87.2	84.6	82.6	81.1	80.3	80
5240	955.9	898	848.3	800.8	755.7	713.2	673.1	635.1	599.1	565.2	533.4	503.3	475	448.3	423	399	376.4	355.1	335	316	298.1	281.1	265	249.8	235.3	221.7	208.7	196.4	184.9	174	163.8	147.2	135.5	125.6	117.1	109.8	103.8	98.8	94.4	90.7	87.5	85	83	81.5	80.7	80.4
5260	956.6	898.7	849.1	801.6	756.5	714.1	674	636	600.1	566.2	534.3	504.3	476	449.2	423.9	400	377.4	356.1	336	317	299	282	265.9	250.6	236.2	222.5	209.5	197.3	185.7	174.8	164.6	147.7	136	126.1	117.5	110.2	104.1	99.1	94.8	91.1	87.9	85.4	83.4	81.9	81.1	80.8
5280	957.2	899.4	849.8	802.4	757.4	715	674.9	637	601.1	567.2	535.3	505.3	477	450.2	424.9	401	378.4	357	336.9	317.9	299.9	282.9	266.8	251.5	237.1	223.4	210.4	198.1	186.5	175.5	165.3	148.3	136.5	126.5	117.9	110.6	104.5	99.5	95.2	91.5	88.3	85.8	83.7	82.3	81.5	81.2
5300	957.9	900.1	850.6	803.3	758.3	715.9	675.8	637.9	602	568.1	536.3	506.3	477.9	451.2	425.9	401.9	379.3	358	337.8	318.8	300.8	283.8	267.7	252.4	237.9	224.2	211.2	198.9	187.3	176.3	166.1	148.9	136.9	127	118.4	111	104.9	99.8	95.6	91.9	88.7	86.1	84.1	82.7	81.9	81.6
5320	958.6	900.9	851.4	804.1	759.1	716.8	676.7	638.9	603	569.1	537.2	507.2	478.9	452.2	426.8	402.9	380.3	358.9	338.8	319.7	301.7	284.7	268.5	253.3	238.8	225	212	199.7	188.1	177.1	166.8	149.5	137.4	127.4	118.8	111.4	105.3	100.2	95.9	92.2	89.1	86.5	84.5	83.1	82.3	82
5340	959.2	901.6	852.2	804.9	760	717.7	677.6	639.8	603.9	570.1	538.2	508.2	479.9	453.1	427.8	403.8	381.2	359.8	339.7	320.6	302.6	285.6	269.4	254.1	239.6	225.9	212.9	200.5	188.9	177.9	167.5	150.1	137.9	127.9	119.2	111.8	105.7	100.6	96.3	92.6	89.5	86.9	84.9	83.5	82.7	82.4
5360	959.9	902.3	852.9	805.7	760.9	718.5	678.6	640.7	604.9	571	539.2	509.2	480.8	454.1	428.8	404.8	382.1	360.8	340.6	321.6	303.5	286.5	270.3	255	240.5	226.7	213.7	201.3	189.6	178.6	168.3	150.7	138.4	128.4	119.7	112.3	106	100.9	96.7	93	89.9	87.3	85.3	83.9	83.1	82.8
5380	960.6	903	853.7	806.6	761.7	719.4	679.5	641.7	605.8	572	540.1	510.1	481.8	455	429.7	405.8	383.1	361.7	341.5	322.5	304.4	287.3	271.2	255.8	241.3	227.6	214.5	202.1	190.4	179.4	169.1	151.3	138.9	128.8	120.1	112.7	106.4	101.3	97	93.4	90.3	87.7	85.7	84.3	83.4	83.2
5400	961.2	903.7	854.5	807.4	762.6	720.3	680.4	642.6	606.8	572.9	541.1	511.1	482.7	456	430.7	406.7	384	362.6	342.4	323.4	305.3	288.2	272	256.7	242.2	228.4	215.3	203	191.2	180.2	169.8	151.9	139.4	129.3	120.5	113.1	106.8	101.6	97.4	93.7	90.6	88.1	86.1	84.7	83.8	83.6
5420	961.9	904.4	855.2	808.2	763.4	721.2	681.3	643.5	607.7	573.9	542	512	483.7	456.9	431.6	407.6	385	363.6	343.4	324.3	306.2	289.1	272.9	257.6	243	229.2	216.2	203.8	192	181	170.6	152.5	139.9	129.7	121	113.5	107.2	102	97.7	94.1	91	88.5	86.5	85.1	84.2	84
5440	962.5	905.1	856	809	764.2	722	682.2	644.4	608.6	574.8	543	513	484.6	457.9	432.6	408.6	385.9	364.5	344.3	325.2	307.1	290	273.8	258.4	243.9	230.1	217	204.6	192.8	181.7	171.4	153.2	140.3	130.2	121.4	113.9	107.6	102.3	98.1	94.5	91.4	88.9	86.9	85.5	84.6	84.3
5460	963.2	905.8	856.7	809.8	765.1	722.9	683	645.3	609.6	575.7	543.9	513.9	485.6	458.8	433.5	409.5	386.8	365.4	345.2	326.1	308	290.9	274.6	259.3	244.7	230.9	217.8	205.4	193.6	182.5	172.1	153.8	140.8	130.7	121.8	114.3	107.9	102.7	98.5	94.8	91.8	89.2	87.3	85.9	85	84.7
5480	963.8	906.5	857.5	810.6	765.9	723.8	683.9	646.2	610.5	576.7	544.8	514.8	486.5	459.8	434.4	410.5	387.8	366.3	346.1	327	308.9	291.7	275.5	260.1	245.5	231.7	218.6	206.2	194.4	183.3	172.9	154.4	141.3	131.1	122.3	114.7	108.3	103.1	98.8	95.2	92.1	89.6	87.7	86.3	85.4	85.1
5500	964.5	907.2	858.2	811.4	766.7	724.6	684.8	647.1	611.4	577.6	545.8	515.8	487.5	460.7	435.4	411.4	388.7	367.2	347	327.9	309.8	292.6	276.4	261	246.4	232.5	219.4	207	195.2	184.1	173.7	155	141.8	131.6	122.7	115.1	108.7	103.4	99.2	95.6	92.5	90	88	86.6	85.8	85.5
5520	965.1	907.9	859	812.2	767.6	725.5	685.7	648	612.3	578.5	546.7	516.7	488.4	461.6	436.3	412.3	389.6	368.2	347.9	328.8	310.6	293.5	277.2	261.8	247.2	233.4	220.2	207.8	196	184.9	174.5	155.6	142.3	132	123.1	115.5	109.1	103.8	99.5	95.9	92.9	90.4	88.4	87	86.2	85.9
5540	965.7	908.5	859.7	813	768.4	726.3	686.6	648.9	613.3	579.5	547.6	517.7	489.3	462.6	437.2	413.2	390.5	369.1	348.8	329.6	311.5	294.3	278.1	262.7	248.1	234.2	221.1	208.6	196.8	185.7	175.2	156.3	142.8	132.5	123.6	115.9	109.5	104.2	99.8	96.3	93.2	90.8	88.8	87.4	86.6	86.3
5560	966.4	909.2	860.4	813.7	769.2	727.2	687.4	649.8	614.2	580.4	548.6	518.6	490.3	463.5	438.2	414.2	391.4	370	349.7	330.5	312.4	295.2	278.9	263.5	248.9	235	221.9	209.4	197.6	186.5	176	156.9	143.3	132.9	124	116.3	109.9	104.5	100.2	96.6	93.6	91.1	89.2	87.8	87	86.7
5580	967	909.9	861.2	814.5	770	728	688.3	650.7	615.1	581.3	549.5	519.5	491.2	464.4	439.1	415.1	392.3	370.9	350.6	331.4	313.3	296.1	279.8	264.4	249.7	235.9	222.7	210.2	198.4	187.2	176.7	157.6	143.8	133.4	124.4	116.7	110.3	104.9	100.6	97	94	91.5	89.6	88.2	87.3	87.1
5600	967.6	910.6	861.9	815.3	770.9	728.9	689.2	651.6	616	582.2	550.4	520.4	492.1	465.3	440	416	393.3	371.8	351.5	332.3	314.1	296.9	280.6	265.2	250.6	236.7	223.5	211	199.2	188	177.4	158.3	144.3	133.8	124.9	117.2	110.6	105.2	100.9	97.3	94.3	91.9	89.9	88.6	87.7	87.5
5620	968.3	911.2	862.6	816.1	771.7	729.7	690.1	652.5	616.9	583.1	551.3	521.3	493	466.3	440.9	416.9	394.2	372.7	352.4	333.2	315	297.8	281.5	266	251.4	237.5	224.3	211.8	200	188.8	178.2	159	144.8	134.3	125.3	117.6	111	105.6	101.2	97.7	94.7	92.2	90.3	88.9	88.1	87.8
5640	968.9	911.9	863.3	816.9	772.5	730.6	690.9	653.4	617.8	584	552.2	522.3	494	467.2	441.8	417.8	395.1	373.6	353.3	334.1	315.9	298.7	282.3	266.9	252.2	238.3	225.1	212.6	200.7	189.5	178.9	159.7	145.3	134.7	125.7	118	111.4	106	101.5	98	95	92.6	90.7	89.3	88.5	88.2
5660	969.5	912.6	864.1	817.6	773.3	731.4	691.8	654.3	618.7	584.9	553.2	523.2	494.9	468.1	442.8	418.7	396	374.5	354.1	334.9	316.7	299.5	283.2	267.7	253	239.1	225.9	213.4	201.5	190.3	179.7	160.4	145.8	135.2	126.2	118.4	111.8	106.3	101.9	98.4	95.4	93	91.1	89.7	88.9	88.6
5680	970.1	913.2	864.8	818.4	774.1	732.2	692.6	655.1	619.6	585.9	554.1	524.1	495.8	469	443.7	419.6	396.9	375.4	355	335.8	317.6	300.4	284	268.5	253.9	239.9	226.7	214.2	202.3	191	180.4	161.1	146.3	135.6	126.6	118.8	112.2	106.7	102.2	98.7	95.8	93.3	91.4	90.1	89.2	89
5700	970.7	913.9	865.5	819.2	774.9	733	693.5	656	620.5	586.8	555	525	496.7	469.9	444.6	420.6	397.8	376.3	355.9	336.7	318.5	301.2	284.9	269.4	254.7	240.7	227.5	215	203.1	191.8	181.1	161.8	146.8	136.1	127	119.2	112.6	107	102.6	99.1	96.1	93.7	91.8	90.4	89.6	89.4
5720	971.3	914.6	866.2	819.9	775.7	733.9	694.3	656.9	621.3	587.7	555.9	525.9	497.6	470.8	445.5	421.5	398.7	377.1	356.8	337.5	319.3	302.1	285.7	270.2	255.5	241.5	228.3	215.8	203.8	192.6	181.9	162.5	147.3	136.5	127.4	119.6	112.9	107.4	102.9	99.4	96.5	94	92.2	90.8	90	89.7
5740	972	915.2	866.9	820.7	776.5	734.7	695.2	657.7	622.2	588.5	556.8	526.8	498.5	471.7	446.4	422.4	399.6	378	357.7	338.4	320.2	302.9	286.6	271	256.3	242.4	229.1	216.5	204.6	193.3	182.6	163.2	147.8	137	127.9	120	113.3	107.8	103.3	99.7	96.8	94.4	92.5	91.2	90.4	90.1
5760	972.6	915.9	867.6	821.4	777.3	735.5	696	658.6	623.1	589.4	557.7	527.7	499.4	472.6	447.3	423.2	400.5	378.9	358.5	339.3	321	303.8	287.4	271.9	257.1	243.2	229.9	217.3	205.4	194.1	183.4	163.9	148.4	137.4	128.3	120.4	113.7	108.1	103.6	100	97.1	94.7	92.9	91.5	90.7	90.5
5780	973.2	916.5	868.3	822.2	778.1	736.3	696.9	659.5	624	590.3	558.6	528.6	500.3	473.5	448.2	424.1	401.4	379.8	359.4	340.1	321.9	304.6	288.2	272.7	257.9	244	230.7	218.1	206.2	194.8	184.1	164.6	148.9	137.9	128.7	120.8	114.1	108.5	103.9	100.3	97.5	95.1	93.2	91.9	91.1	90.8
5800	973.8	917.2	869	822.9	778.9	737.1	697.7	660.3	624.9	591.2	559.4	529.5	501.2	474.4	449.1	425	402.2	380.7	360.3	341	322.7	305.5	289.1	273.5	258.8	244.8	231.5	218.9	206.9	195.6	184.9	165.3	149.5	138.3	129.2	121.2	114.5	108.9	104.3	100.7	97.8	95.4	93.6	92.3	91.5	91.2
5820	974.4	917.8	869.7	823.7	779.6	738	698.5	661.2	625.7	592.1	560.3	530.4	502.1	475.3	450	425.9	403.1	381.5	361.2	341.9	323.6	306.3	289.9	274.3	259.6	245.6	232.3	219.7	207.7	196.3	185.6	166	150	138.8	129.6	121.6	114.9	109.2	104.6	101	98.1	95.8	94	92.6	91.8	91.6
5840	975	918.4	870.4	824.4	780.4	738.8	699.4	662	626.6	593	561.2	531.3	503	476.2	450.8	426.8	404	382.4	362	342.7	324.4	307.1	290.7	275.1	260.4	246.4	233.1	220.4	208.5	197.1	186.3	166.7	150.6	139.3	130	122	115.2	109.6	105	101.3	98.4	96.1	94.3	93	92.2	91.9
5860	975.6	919.1	871.1	825.2	781.2	739.6	700.2	662.9	627.5	593.9	562.1	532.2	503.9	477.1	451.7	427.7	404.9	383.3	362.9	343.6	325.3	308	291.5	276	261.2	247.2	233.8	221.2	209.2	197.8	187.1	167.4	151.2	139.7	130.5	122.5	115.6	109.9	105.3	101.6	98.8	96.5	94.7	93.3	92.6	92.3
5880	976.2	919.7	871.8	825.9	782	740.4	701	663.7	628.3	594.7	563	533	504.7	478	452.6	428.6	405.8	384.2	363.7	344.4	326.1	308.8	292.4	276.8	262	247.9	234.6	222	210	198.6	187.8	168.1	151.7	140.2	130.9	122.9	116	110.3	105.6	101.9	99.1	96.8	95	93.7	92.9	92.7
5900	976.8	920.4	872.5	826.6	782.7	741.2	701.8	664.6	629.2	595.6	563.9	533.9	505.6	478.9	453.5	429.5	406.6	385	364.6	345.3	327	309.6	293.2	277.6	262.8	248.7	235.4	222.7	210.7	199.3	188.5	168.8	152.3	140.6	131.3	123.3	116.4	110.7	106	102.3	99.4	97.1	95.3	94.1	93.3	93
5920	977.4	921	873.2	827.4	783.5	742	702.7	665.4	630.1	596.5	564.7	534.8	506.5	479.7	454.4	430.3	407.5	385.9	365.5	346.1	327.8	310.5	294	278.4	263.6	249.5	236.2	223.5	211.5	200.1	189.3	169.5	152.9	141.1	131.8	123.7	116.8	111	106.3	102.6	99.7	97.5	95.7	94.4	93.6	93.4
5940	977.9	921.6	873.9	828.1	784.3	742.8	703.5	666.2	630.9	597.3	565.6	535.7	507.4	480.6	455.2	431.2	408.4	386.8	366.3	347	328.6	311.3	294.8	279.2	264.4	250.3	237	224.3	212.2	200.8	190	170.2	153.5	141.5	132.2	124.1	117.2	111.4	106.7	102.9	100	97.8	96	94.7	94	93.7
5960	978.5	922.3	874.5	828.8	785	743.5	704.3	667.1	631.8	598.2	566.5	536.5	508.2	481.5	456.1	432.1	409.3	387.6	367.2	347.8	329.5	312.1	295.6	280	265.2	251.1	237.7	225	213	201.6	190.7	170.9	154	142	132.6	124.5	117.6	111.7	107	103.2	100.3	98.1	96.3	95.1	94.3	94.1
5980	979.1	922.9	875.2	829.5	785.8	744.3	705.1	667.9	632.6	599.1	567.3	537.4	509.1	482.4	457	432.9	410.1	388.5	368	348.7	330.3	312.9	296.5	280.8	266	251.9	238.5	225.8	213.8	202.3	191.5	171.7	154.6	142.4	133	124.9	117.9	112.1	107.3	103.5	100.6	98.4	96.7	95.4	94.7	94.4
6000	979.7	923.5	875.9	830.3	786.6	745.1	705.9	668.7	633.4	599.9	568.2	538.3	510	483.2	457.9	433.8	411	389.3	368.9	349.5	331.1	313.8	297.3	281.6	266.8	252.7	239.3	226.6	214.5	203.1	192.2	172.4	155.2	142.9	133.5	125.3	118.3	112.5	107.7	103.8	100.9	98.7	97	95.8	95	94.8
6020	980.3	924.1	876.6	831	787.3	745.9	706.7	669.6	634.3	600.8	569.1	539.1	510.9	484.1	458.7	434.7	411.8	390.2	369.7	350.3	332	314.6	298.1	282.4	267.6	253.5	240.1	227.3	215.3	203.8	193	173.1	155.8	143.4	133.9	125.7	118.7	112.8	108	104.2	101.2	99	97.3	96.1	95.4	95.1
6040	980.9	924.7	877.2	831.7	788.1	746.7	707.5	670.4	635.1	601.6	569.9	540	511.7	484.9	459.6	435.5	412.7	391	370.6	351.2	332.8	315.4	298.9	283.2	268.4	254.2	240.8	228.1	216	204.6	193.7	173.8	156.4	143.8	134.3	126.1	119.1	113.2	108.4	104.5	101.5	99.3	97.6	96.4	95.7	95.4
6060	981.4	925.4	877.9	832.4	788.8	747.5	708.3	671.2	636	602.5	570.8	540.9	512.6	485.8	460.4	436.4	413.6	391.9	371.4	352	333.6	316.2	299.7	284	269.1	255	241.6	228.9	216.8	205.3	194.4	174.5	157	144.3	134.7	126.5	119.5	113.6	108.7	104.8	101.8	99.6	97.9	96.7	96	95.8
6080	982	926	878.6	833.1	789.6	748.2	709.1	672	636.8	603.3	571.6	541.7	513.4	486.7	461.3	437.2	414.4	392.7	372.2	352.8	334.5	317	300.5	284.8	269.9	255.8	242.4	229.6	217.5	206.1	195.2	175.2	157.6	144.8	135.1	126.9	119.9	113.9	109	105.1	102.1	99.9	98.3	97.1	96.4	96.1
6100	982.6	926.6	879.2	833.8	790.3	749	709.9	672.8	637.6	604.2	572.5	542.6	514.3	487.5	462.2	438.1	415.3	393.6	373.1	353.7	335.3	317.8	301.3	285.6	270.7	256.6	243.1	230.4	218.3	206.8	195.9	175.9	158.3	145.2	135.6	127.3	120.3	114.3	109.4	105.4	102.4	100.2	98.6	97.4	96.7	96.4
6120	983.1	927.2	879.9	834.5	791	749.8	710.7	673.6	638.5	605	573.3	543.4	515.1	488.4	463	439	416.1	394.4	373.9	354.5	336.1	318.6	302.1	286.4	271.5	257.3	243.9	231.1	219	207.5	196.6	176.6	158.9	145.7	136	127.7	120.6	114.6	109.7	105.7	102.7	100.4	98.8	97.7	97	96.8
6140	983.7	927.8	880.5	835.2	791.8	750.5	711.5	674.4	639.3	605.9	574.2	544.3	516	489.2	463.9	439.8	417	395.3	374.7	355.3	336.9	319.5	302.9	287.2	272.3	258.1	244.7	231.9	219.8	208.3	197.3	177.3	159.6	146.2	136.4	128.1	121	115	110	106.1	103	100.7	99.1	98	97.3	97.1
6160	984.3	928.4	881.2	835.9	792.5	751.3	712.3	675.2	640.1	606.7	575	545.1	516.8	490.1	464.7	440.7	417.8	396.1	375.6	356.1	337.7	320.3	303.7	288	273.1	258.9	245.4	232.7	220.5	209	198.1	177.9	160.2	146.7	136.8	128.5	121.4	115.4	110.4	106.4	103.3	101	99.4	98.3	97.6	97.4
6180	984.8	929	881.9	836.6	793.3	752.1	713	676	640.9	607.5	575.9	546	517.7	490.9	465.6	441.5	418.7	397	376.4	357	338.5	321.1	304.5	288.8	273.8	259.7	246.2	233.4	221.3	209.7	198.8	178.6	160.9	147.2	137.3	128.9	121.8	115.7	110.7	106.7	103.6	101.2	99.7	98.6	97.9	97.7
6200	985.4	929.6	882.5	837.3	794	752.8	713.8	676.8	641.7	608.4	576.7	546.8	518.5	491.8	466.4	442.3	419.5	397.8	377.2	357.8	339.3	321.9	305.3	289.6	274.6	260.4	247	234.2	222	210.5	199.5	179.3	161.5	147.6	137.7	129.4	122.2	116.1	111.1	107	103.9	101.5	99.9	98.9	98.2	98
6220	986	930.2	883.1	838	794.7	753.6	714.6	677.6	642.6	609.2	577.5	547.6	519.4	492.6	467.2	443.2	420.3	398.6	378.1	358.6	340.2	322.7	306.1	290.3	275.4	261.2	247.7	234.9	222.7	211.2	200.2	180	162.2	148.1	138.1	129.8	122.6	116.5	111.4	107.3	104.1	101.8	100.2	99.1	98.5	98.3
6240	986.5	930.8	883.8	838.7	795.4	754.3	715.4	678.4	643.4	610	578.4	548.5	520.2	493.4	468.1	444	421.2	399.5	378.9	359.4	341	323.5	306.9	291.1	276.2	262	248.5	235.7	223.5	211.9	200.9	180.7	162.8	148.6	138.5	130.2	122.9	116.8	111.7	107.6	104.4	102.1	100.4	99.4	98.8	98.6
6260	987.1	931.4	884.4	839.4	796.2	755.1	716.1	679.2	644.2	610.8	579.2	549.3	521	494.3	468.9	444.9	422	400.3	379.7	360.2	341.8	324.3	307.7	291.9	276.9	262.7	249.2	236.4	224.2	212.6	201.7	181.4	163.5	149.1	138.9	130.6	123.3	117.2	112.1	108	104.7	102.3	100.7	99.7	99.1	98.9
6280	987.6	932	885.1	840.1	796.9	755.8	716.9	680	645	611.7	580	550.1	521.9	495.1	469.8	445.7	422.8	401.1	380.5	361	342.6	325.1	308.5	292.7	277.7	263.5	250	237.1	224.9	213.4	202.4	182.1	164.2	149.6	139.4	131	123.7	117.5	112.4	108.3	105	102.6	100.9	99.9	99.3	99.1
6300	988.2	932.6	885.7	840.8	797.6	756.6	717.7	680.8	645.8	612.5	580.8	551	522.7	496	470.6	446.5	423.7	401.9	381.3	361.9	343.4	325.9	309.2	293.5	278.5	264.3	250.7	237.9	225.7	214.1	203.1	182.8	164.8	150.2	139.8	131.4	124.1	117.9	112.8	108.6	105.3	102.9	101.2	100.1	99.6	99.4
6320	988.7	933.2	886.3	841.4	798.3	757.3	718.5	681.6	646.6	613.3	581.7	551.8	523.5	496.8	471.4	447.3	424.5	402.8	382.2	362.7	344.2	326.7	310	294.2	279.3	265	251.5	238.6	226.4	214.8	203.8	183.5	165.4	150.7	140.2	131.8	124.5	118.3	113.1	108.9	105.6	103.1	101.4	100.3	99.8	99.6
6340	989.3	933.8	887	842.1	799.1	758	719.2	682.4	647.4	614.1	582.5	552.6	524.4	497.6	472.2	448.2	425.3	403.6	383	363.5	345	327.5	310.8	295	280	265.8	252.2	239.4	227.1	215.5	204.5	184.1	166.1	151.2	140.6	132.2	124.8	118.6	113.4	109.2	105.9	103.4	101.6	100.5	100	99.8
6360	989.8	934.3	887.6	842.8	799.8	758.8	720	683.2	648.2	614.9	583.3	553.4	525.2	498.4	473.1	449	426.1	404.4	383.8	364.3	345.8	328.2	311.6	295.8	280.8	266.5	253	240.1	227.9	216.3	205.2	184.8	166.7	151.8	141.1	132.6	125.2	119	113.8	109.5	106.2	103.7	101.9	100.7	100.2	100
6380	990.4	934.9	888.2	843.5	800.5	759.5	720.7	683.9	649	615.7	584.1	554.3	526	499.3	473.9	449.8	427	405.2	384.6	365.1	346.6	329	312.4	296.6	281.5	267.3	253.7	240.8	228.6	217	205.9	185.5	167.4	152.3	141.5	133	125.6	119.3	114.1	109.8	106.5	103.9	102.1	100.9	100.3	100.1
6400	990.9	935.5	888.9	844.1	801.2	760.3	721.5	684.7	649.8	616.5	584.9	555.1	526.8	500.1	474.7	450.6	427.8	406	385.4	365.9	347.4	329.8	313.2	297.3	282.3	268	254.5	241.6	229.3	217.7	206.6	186.2	168.1	152.8	141.9	133.4	126	119.7	114.4	110.2	106.8	104.2	102.3	101.1	100.5	100.3
6420	991.4	936.1	889.5	844.8	801.9	761	722.2	685.5	650.6	617.3	585.8	555.9	527.6	500.9	475.5	451.5	428.6	406.9	386.2	366.7	348.2	330.6	313.9	298.1	283.1	268.8	255.2	242.3	230	218.4	207.3	186.9	168.7	153.4	142.4	133.8	126.4	120.1	114.8	110.5	107.1	104.5	102.6	101.3	100.6	100.4
6440	992	936.6	890.1	845.5	802.6	761.7	723	686.3	651.3	618.1	586.6	556.7	528.5	501.7	476.3	452.3	429.4	407.7	387	367.5	349	331.4	314.7	298.9	283.8	269.5	255.9	243	230.8	219.1	208	187.6	169.4	153.9	142.8	134.2	126.8	120.4	115.1	110.8	107.3	104.7	102.8	101.5	100.8	100.6
6460	992.5	937.2	890.7	846.1	803.3	762.4	723.7	687	652.1	618.9	587.4	557.5	529.3	502.5	477.2	453.1	430.2	408.5	387.8	368.3	349.7	332.2	315.5	299.6	284.6	270.3	256.7	243.8	231.5	219.8	208.7	188.2	170	154.5	143.2	134.6	127.1	120.8	115.5	111.1	107.6	105	103	101.7	101	100.8
6480	993.1	937.8	891.3	846.8	804	763.2	724.5	687.8	652.9	619.7	588.2	558.3	530.1	503.3	478	453.9	431	409.3	388.6	369.1	350.5	332.9	316.2	300.4	285.3	271	257.4	244.5	232.2	220.5	209.4	188.9	170.7	155	143.7	135	127.5	121.1	115.8	111.4	107.9	105.2	103.3	101.9	101.2	100.9
6500	993.6	938.4	892	847.4	804.7	763.9	725.2	688.5	653.7	620.5	589	559.1	530.9	504.2	478.8	454.7	431.8	410.1	389.4	369.9	351.3	333.7	317	301.2	286.1	271.8	258.2	245.2	232.9	221.2	210.1	189.6	171.4	155.6	144.1	135.4	127.9	121.5	116.1	111.7	108.2	105.5	103.5	102.1	101.4	101.1
6520	994.1	938.9	892.6	848.1	805.4	764.6	726	689.3	654.5	621.3	589.8	559.9	531.7	505	479.6	455.5	432.6	410.9	390.2	370.7	352.1	334.5	317.8	301.9	286.8	272.5	258.9	246	233.6	222	210.8	190.3	172	156.1	144.5	135.8	128.3	121.9	116.5	112	108.5	105.7	103.7	102.4	101.6	101.3
6540	994.6	939.5	893.2	848.7	806.1	765.3	726.7	690.1	655.2	622.1	590.6	560.7	532.5	505.8	480.4	456.3	433.4	411.7	391	371.4	352.9	335.3	318.6	302.7	287.6	273.3	259.6	246.7	234.4	222.7	211.5	191	172.7	156.7	145	136.2	128.6	122.2	116.8	112.3	108.8	106	104	102.6	101.8	101.5
6560	995.2	940.1	893.8	849.4	806.8	766	727.4	690.8	656	622.9	591.4	561.5	533.3	506.6	481.2	457.1	434.2	412.5	391.8	372.2	353.7	336	319.3	303.4	288.3	274	260.4	247.4	235.1	223.4	212.3	191.7	173.3	157.2	145.4	136.6	129	122.6	117.1	112.6	109.1	106.3	104.2	102.8	102	101.7
6580	995.7	940.6	894.4	850	807.5	766.7	728.2	691.6	656.8	623.7	592.2	562.3	534.1	507.4	482	457.9	435	413.3	392.6	373	354.4	336.8	320.1	304.2	289.1	274.7	261.1	248.1	235.8	224.1	213	192.4	174	157.8	145.9	136.9	129.4	122.9	117.5	113	109.3	106.5	104.4	103	102.2	101.9
6600	996.2	941.2	895	850.7	808.1	767.5	728.9	692.3	657.6	624.5	593	563.1	534.9	508.2	482.8	458.7	435.8	414.1	393.4	373.8	355.2	337.6	320.8	304.9	289.8	275.5	261.8	248.8	236.5	224.8	213.7	193	174.6	158.4	146.3	137.3	129.8	123.3	117.8	113.3	109.6	106.8	104.7	103.2	102.4	102.1
6620	996.7	941.7	895.6	851.3	808.8	768.2	729.6	693.1	658.3	625.2	593.7	563.9	535.7	509	483.6	459.5	436.6	414.9	394.2	374.6	356	338.3	321.6	305.7	290.6	276.2	262.6	249.6	237.2	225.5	214.3	193.7	175.3	159	146.8	137.7	130.2	123.6	118.1	113.6	109.9	107	104.9	103.4	102.6	102.3
6640	997.3	942.3	896.2	852	809.5	768.9	730.4	693.8	659.1	626	594.5	564.7	536.5	509.8	484.4	460.3	437.4	415.7	395	375.4	356.8	339.1	322.4	306.4	291.3	276.9	263.3	250.3	237.9	226.2	215	194.4	175.9	159.6	147.2	138.1	130.5	124	118.5	113.9	110.2	107.3	105.1	103.7	102.8	102.5
6660	997.8	942.8	896.8	852.6	810.2	769.6	731.1	694.6	659.8	626.8	595.3	565.5	537.3	510.6	485.2	461.1	438.2	416.5	395.8	376.1	357.5	339.9	323.1	307.2	292.1	277.7	264	251	238.6	226.9	215.7	195.1	176.5	160.2	147.7	138.5	130.9	124.3	118.8	114.2	110.5	107.6	105.4	103.9	103	102.7
6680	998.3	943.4	897.4	853.3	810.9	770.3	731.8	695.3	660.6	627.6	596.1	566.3	538.1	511.3	486	461.9	439	417.3	396.6	376.9	358.3	340.6	323.9	307.9	292.8	278.4	264.7	251.7	239.4	227.6	216.4	195.7	177.2	160.8	148.1	138.9	131.3	124.7	119.1	114.5	110.8	107.8	105.6	104.1	103.2	102.9
6700	998.8	943.9	898	853.9	811.5	771	732.5	696	661.4	628.3	596.9	567.1	538.9	512.1	486.8	462.7	439.8	418	397.3	377.7	359.1	341.4	324.6	308.7	293.5	279.1	265.5	252.4	240.1	228.3	217.1	196.4	177.8	161.4	148.6	139.3	131.7	125	119.4	114.8	111	108.1	105.9	104.3	103.4	103.1
6720	999.3	944.5	898.6	854.5	812.2	771.7	733.3	696.8	662.1	629.1	597.7	567.9	539.6	512.9	487.6	463.5	440.6	418.8	398.1	378.5	359.8	342.2	325.4	309.4	294.3	279.9	266.2	253.2	240.8	229	217.8	197.1	178.5	162.1	149	139.7	132	125.4	119.8	115.1	111.3	108.3	106.1	104.6	103.7	103.4
6740	999.8	945	899.2	855.2	812.9	772.4	734	697.5	662.9	629.9	598.4	568.6	540.4	513.7	488.3	464.3	441.4	419.6	398.9	379.2	360.6	342.9	326.1	310.2	295	280.6	266.9	253.9	241.5	229.7	218.5	197.7	179.1	162.7	149.5	140.1	132.4	125.8	120.1	115.4	111.6	108.6	106.4	104.8	103.9	103.6
6760	1000.3	945.6	899.8	855.8	813.5	773.1	734.7	698.3	663.6	630.6	599.2	569.4	541.2	514.5	489.1	465	442.2	420.4	399.7	380	361.4	343.7	326.9	310.9	295.8	281.3	267.6	254.6	242.2	230.4	219.2	198.4	179.7	163.3	150	140.5	132.8	126.1	120.4	115.7	111.9	108.9	106.6	105	104.1	103.8
6780	1000.8	946.1	900.4	856.4	814.2	773.8	735.4	699	664.4	631.4	600	570.2	542	515.3	489.9	465.8	442.9	421.2	400.4	380.8	362.1	344.4	327.6	311.7	296.5	282.1	268.3	255.3	242.9	231.1	219.9	199.1	180.4	163.9	150.5	140.9	133.1	126.5	120.8	116	112.2	109.1	106.9	105.3	104.3	104
6800	1001.4	946.7	900.9	857	814.9	774.5	736.1	699.7	665.1	632.2	600.8	571	542.8	516	490.7	466.6	443.7	421.9	401.2	381.5	362.9	345.2	328.4	312.4	297.2	282.8	269.1	256	243.6	231.8	220.5	199.7	181	164.5	151	141.3	133.5	126.8	121.1	116.3	112.5	109.4	107.1	105.5	104.6	104.2
6820	1001.9	947.2	901.5	857.7	815.5	775.1	736.8	700.4	665.8	632.9	601.5	571.7	543.5	516.8	491.5	467.4	444.5	422.7	402	382.3	363.6	345.9	329.1	313.1	297.9	283.5	269.8	256.7	244.3	232.5	221.2	200.4	181.7	165.1	151.5	141.6	133.9	127.2	121.4	116.6	112.7	109.7	107.4	105.7	104.8	104.5
6840	1002.4	947.7	902.1	858.3	816.2	775.8	737.5	701.2	666.6	633.7	602.3	572.5	544.3	517.6	492.2	468.2	445.3	423.5	402.8	383.1	364.4	346.7	329.9	313.9	298.7	284.2	270.5	257.4	245	233.1	221.9	201.1	182.3	165.7	152	142	134.3	127.5	121.8	117	113	109.9	107.6	106	105	104.7
6860	1002.9	948.3	902.7	858.9	816.8	776.5	738.2	701.9	667.3	634.4	603.1	573.3	545.1	518.4	493	468.9	446	424.3	403.5	383.8	365.2	347.4	330.6	314.6	299.4	284.9	271.2	258.1	245.7	233.8	222.6	201.7	182.9	166.3	152.5	142.5	134.6	127.9	122.1	117.3	113.3	110.2	107.9	106.2	105.2	104.9
6880	1003.4	948.8	903.3	859.5	817.5	777.2	738.9	702.6	668.1	635.2	603.8	574	545.9	519.1	493.8	469.7	446.8	425	404.3	384.6	365.9	348.2	331.3	315.3	300.1	285.7	271.9	258.8	246.4	234.5	223.3	202.4	183.6	166.9	153	142.9	135	128.2	122.4	117.6	113.6	110.5	108.1	106.5	105.5	105.2
6900	1003.9	949.3	903.8	860.1	818.1	777.9	739.6	703.3	668.8	635.9	604.6	574.8	546.6	519.9	494.6	470.5	447.6	425.8	405.1	385.4	366.7	348.9	332.1	316.1	300.9	286.4	272.6	259.5	247.1	235.2	223.9	203	184.2	167.5	153.5	143.3	135.4	128.6	122.8	117.9	113.9	110.8	108.4	106.7	105.7	105.4
6920	1004.4	949.9	904.4	860.7	818.8	778.6	740.3	704	669.5	636.7	605.3	575.6	547.4	520.7	495.3	471.2	448.3	426.6	405.8	386.1	367.4	349.7	332.8	316.8	301.6	287.1	273.3	260.2	247.7	235.9	224.6	203.7	184.9	168.1	154	143.7	135.7	128.9	123.1	118.2	114.2	111	108.6	106.9	106	105.6
6940	1004.9	950.4	905	861.4	819.4	779.2	741	704.8	670.3	637.4	606.1	576.3	548.2	521.4	496.1	472	449.1	427.3	406.6	386.9	368.2	350.4	333.6	317.5	302.3	287.8	274	260.9	248.4	236.6	225.3	204.3	185.5	168.7	154.5	144.1	136.1	129.3	123.4	118.5	114.5	111.3	108.9	107.2	106.2	105.9
6960	1005.3	950.9	905.6	862	820.1	779.9	741.7	705.5	671	638.1	606.9	577.1	548.9	522.2	496.9	472.8	449.9	428.1	407.4	387.6	368.9	351.2	334.3	318.3	303	288.5	274.7	261.6	249.1	237.3	226	205	186.1	169.4	155	144.5	136.5	129.6	123.7	118.8	114.8	111.6	109.1	107.4	106.4	106.1
6980	1005.8	951.5	906.1	862.6	820.7	780.6	742.4	706.2	671.7	638.9	607.6	577.8	549.7	523	497.6	473.5	450.6	428.8	408.1	388.4	369.7	351.9	335	319	303.7	289.2	275.4	262.3	249.8	237.9	226.6	205.7	186.8	170	155.5	144.9	136.8	130	124.1	119.1	115.1	111.8	109.4	107.7	106.7	106.3
7000	1006.3	952	906.7	863.2	821.4	781.2	743.1	706.9	672.4	639.6	608.4	578.6	550.4	523.7	498.4	474.3	451.4	429.6	408.9	389.1	370.4	352.6	335.7	319.7	304.4	289.9	276.1	263	250.5	238.6	227.3	206.3	187.4	170.6	156	145.3	137.2	130.3	124.4	119.4	115.4	112.1	109.7	107.9	106.9	106.6
7020	1006.8	952.5	907.3	863.8	822	781.9	743.8	707.6	673.2	640.4	609.1	579.4	551.2	524.5	499.1	475.1	452.2	430.4	409.6	389.9	371.1	353.4	336.5	320.4	305.2	290.6	276.8	263.7	251.2	239.3	228	207	188	171.2	156.5	145.7	137.6	130.7	124.7	119.7	115.7	112.4	109.9	108.2	107.2	106.8
7040	1007.3	953	907.8	864.4	822.6	782.6	744.5	708.3	673.9	641.1	609.9	580.1	551.9	525.2	499.9	475.8	452.9	431.1	410.4	390.6	371.9	354.1	337.2	321.1	305.9	291.4	277.5	264.4	251.9	240	228.6	207.6	188.7	171.8	157	146.1	137.9	131	125.1	120.1	115.9	112.7	110.2	108.4	107.4	107.1
7060	1007.8	953.5	908.4	865	823.3	783.2	745.2	709	674.6	641.8	610.6	580.9	552.7	526	500.6	476.6	453.7	431.9	411.1	391.4	372.6	354.8	337.9	321.9	306.6	292.1	278.2	265.1	252.6	240.6	229.3	208.3	189.3	172.4	157.6	146.5	138.3	131.4	125.4	120.4	116.2	112.9	110.5	108.7	107.7	107.3
7080	1008.3	954.1	908.9	865.6	823.9	783.9	745.8	709.7	675.3	642.6	611.3	581.6	553.4	526.7	501.4	477.3	454.4	432.6	411.9	392.1	373.4	355.6	338.7	322.6	307.3	292.8	278.9	265.8	253.2	241.3	230	208.9	189.9	173	158.1	147	138.7	131.7	125.7	120.7	116.5	113.2	110.7	109	107.9	107.6
7100	1008.8	954.6	909.5	866.2	824.5	784.6	746.5	710.4	676	643.3	612.1	582.4	554.2	527.5	502.2	478.1	455.2	433.4	412.6	392.9	374.1	356.3	339.4	323.3	308	293.5	279.6	266.5	253.9	242	230.6	209.6	190.6	173.6	158.7	147.4	139	132.1	126.1	121	116.8	113.5	111	109.2	108.2	107.8
7120	1009.2	955.1	910.1	866.8	825.2	785.2	747.2	711.1	676.7	644	612.8	583.1	554.9	528.2	502.9	478.8	455.9	434.1	413.4	393.6	374.8	357	340.1	324	308.7	294.2	280.3	267.1	254.6	242.7	231.3	210.2	191.2	174.2	159.2	147.8	139.4	132.4	126.4	121.3	117.1	113.8	111.3	109.5	108.4	108.1
7140	1009.7	955.6	910.6	867.4	825.8	785.9	747.9	711.8	677.4	644.7	613.5	583.8	555.7	529	503.7	479.6	456.7	434.9	414.1	394.3	375.6	357.8	340.8	324.7	309.4	294.9	281	267.8	255.3	243.3	232	210.9	191.8	174.8	159.8	148.2	139.7	132.7	126.7	121.6	117.4	114.1	111.5	109.7	108.7	108.3
7160	1010.2	956.1	911.2	868	826.4	786.5	748.6	712.5	678.1	645.5	614.3	584.6	556.4	529.7	504.4	480.3	457.4	435.6	414.9	395.1	376.3	358.5	341.5	325.4	310.1	295.6	281.7	268.5	256	244	232.6	211.5	192.4	175.4	160.4	148.7	140.1	133.1	127.1	121.9	117.7	114.4	111.8	110	108.9	108.6
7180	1010.7	956.6	911.7	868.5	827	787.2	749.2	713.2	678.9	646.2	615	585.3	557.2	530.5	505.1	481.1	458.2	436.4	415.6	395.8	377	359.2	342.3	326.2	310.8	296.3	282.4	269.2	256.6	244.7	233.3	212.2	193.1	176	160.9	149.1	140.5	133.4	127.4	122.3	118	114.6	112.1	110.3	109.2	108.8
7200	1011.1	957.1	912.3	869.1	827.7	787.8	749.9	713.9	679.6	646.9	615.7	586.1	557.9	531.2	505.9	481.8	458.9	437.1	416.3	396.6	377.8	359.9	343	326.9	311.5	297	283.1	269.9	257.3	245.3	233.9	212.8	193.7	176.6	161.5	149.5	140.8	133.8	127.7	122.6	118.3	114.9	112.3	110.5	109.4	109.1
