60	63.3	45.1	34	27.6	23.9	22	21	20.5	20.2	20.1	20	20	20	20	20	20	20	20	20	20	20	20	20	20	20	20	20	20	20	20	20	20	20	20	20	20	20	20	20	20	20	20	20	20	20	20
120	109.1	80.5	60.3	46.2	36.7	30.4	26.3	23.7	22.2	21.2	20.7	20.4	20.2	20.1	20.1	20	20	20	20	20	20	20	20	20	20	20	20	20	20	20	20	20	20	20	20	20	20	20	20	20	20	20	20	20	20	20
180	146.4	109.9	85.5	67.2	53.3	43.1	35.7	30.5	26.9	24.4	22.8	21.7	21.1	20.6	20.4	20.2	20.1	20.1	20	20	20	20	20	20	20	20	20	20	20	20	20	20	20	20	20	20	20	20	20	20	20	20	20	20	20	20
240	192.5	137.5	107.4	86.3	69.7	56.8	46.8	39.3	33.6	29.5	26.5	24.4	22.9	21.9	21.2	20.8	20.5	20.3	20.2	20.1	20.1	20	20	20	20	20	20	20	20	20	20	20	20	20	20	20	20	20	20	20	20	20	20	20	20	20
300	241.5	170.8	129	103.9	85.3	70.3	58.3	48.8	41.5	35.8	31.4	28.2	25.8	24	22.8	21.9	21.3	20.8	20.5	20.4	20.2	20.1	20.1	20.1	20	20	20	20	20	20	20	20	20	20	20	20	20	20	20	20	20	20	20	20	20	20
360	286.9	209.8	152.3	121.4	99.9	83.3	69.7	58.7	49.8	42.7	37.1	32.8	29.4	26.9	25	23.6	22.5	21.8	21.2	20.8	20.6	20.4	20.2	20.2	20.1	20.1	20	20	20	20	20	20	20	20	20	20	20	20	20	20	20	20	20	20	20	20
420	328.9	245.6	182.1	139.4	114.3	95.8	80.8	68.4	58.3	50	43.3	38	33.7	30.3	27.7	25.7	24.2	23.1	22.2	21.6	21.1	20.8	20.5	20.4	20.2	20.2	20.1	20.1	20	20	20	20	20	20	20	20	20	20	20	20	20	20	20	20	20	20
480	368.1	280.2	212.7	159.9	128.8	107.6	91.4	78	66.8	57.5	49.8	43.5	38.4	34.3	31	28.4	26.3	24.7	23.5	22.6	21.9	21.4	21	20.7	20.5	20.3	20.2	20.2	20.1	20.1	20	20	20	20	20	20	20	20	20	20	20	20	20	20	20	20
540	403.9	311.8	240.6	184.4	143.9	120	101.8	87.4	75.2	65	56.4	49.2	43.3	38.5	34.5	31.3	28.8	26.7	25.1	23.9	22.9	22.2	21.6	21.2	20.9	20.6	20.4	20.3	20.2	20.2	20.1	20	20	20	20	20	20	20	20	20	20	20	20	20	20	20
600	436.7	341.6	267.6	208.6	161.2	132.1	112	96.5	83.5	72.4	63	55.1	48.5	42.9	38.4	34.6	31.5	29.1	27	25.4	24.2	23.2	22.4	21.8	21.3	21	20.7	20.5	20.4	20.3	20.2	20.1	20	20	20	20	20	20	20	20	20	20	20	20	20	20
660	466.6	369	292.5	231	181.2	144.6	122.4	105	91.3	79.6	69.6	61	53.7	47.6	42.4	38.1	34.5	31.6	29.2	27.2	25.7	24.4	23.4	22.6	22	21.5	21.1	20.8	20.6	20.5	20.3	20.2	20.1	20	20	20	20	20	20	20	20	20	20	20	20	20
720	493.7	394.5	316	252.7	201	158.8	132.6	113.8	99	86.7	76.1	66.9	59	52.3	46.6	41.7	37.7	34.3	31.5	29.2	27.3	25.8	24.6	23.6	22.8	22.1	21.6	21.2	20.9	20.7	20.5	20.3	20.2	20.1	20	20	20	20	20	20	20	20	20	20	20	20
780	518.5	418.2	337.9	272.8	219.3	175.2	143	122.7	106.5	93.5	82.4	72.7	64.3	57	50.8	45.5	41	37.2	34	31.4	29.2	27.4	25.9	24.7	23.7	22.9	22.2	21.7	21.3	21	20.8	20.4	20.2	20.1	20.1	20	20	20	20	20	20	20	20	20	20	20
840	541.1	439.9	358.5	292	237.2	191.8	154.3	131.4	114.1	100.2	88.5	78.4	69.5	61.8	55.1	49.4	44.4	40.2	36.7	33.7	31.2	29.1	27.3	25.9	24.7	23.7	23	22.3	21.8	21.4	21.1	20.6	20.4	20.2	20.1	20.1	20	20	20	20	20	20	20	20	20	20
900	561.8	460.2	377.8	310.1	254	207	167.9	140.1	121.7	106.7	94.5	83.9	74.6	66.5	59.4	53.2	47.9	43.4	39.4	36.1	33.3	30.9	28.9	27.2	25.9	24.7	23.8	23	22.4	21.9	21.5	20.9	20.5	20.3	20.2	20.1	20.1	20	20	20	20	20	20	20	20	20
960	580.8	478.8	395.9	327.1	269.9	221.9	181.5	149.4	129.3	113.3	100.3	89.3	79.7	71.1	63.7	57.1	51.5	46.5	42.3	38.6	35.5	32.9	30.6	28.7	27.1	25.8	24.7	23.8	23	22.4	21.9	21.2	20.7	20.4	20.3	20.1	20.1	20	20	20	20	20	20	20	20	20
1020	598.3	496.2	412.9	343.3	285.3	236.3	194.8	159.8	136.7	119.9	106	94.6	84.6	75.7	67.9	61	55	49.7	45.2	41.2	37.8	34.9	32.4	30.3	28.5	27	25.7	24.6	23.8	23	22.4	21.5	21	20.6	20.4	20.2	20.1	20.1	20	20	20	20	20	20	20	20
1080	614.4	512.3	428.8	358.6	299.7	249.9	207.5	171.4	144.2	126.5	111.8	99.7	89.4	80.2	72.1	64.9	58.5	53	48.1	43.9	40.2	37	34.3	31.9	29.9	28.2	26.8	25.6	24.6	23.7	23	22	21.2	20.8	20.5	20.3	20.2	20.1	20.1	20	20	20	20	20	20	20
1140	629.3	527.4	443.8	373.1	313.5	263	219.8	182.9	152.4	132.9	117.5	104.7	94.1	84.6	76.2	68.7	62.1	56.2	51.1	46.6	42.6	39.2	36.2	33.7	31.5	29.6	28	26.6	25.5	24.5	23.7	22.4	21.6	21	20.6	20.4	20.2	20.1	20.1	20	20	20	20	20	20	20
1200	643.1	541.5	457.9	386.9	326.7	275.5	231.7	193.9	161.7	139.3	123.3	109.9	98.7	89	80.3	72.5	65.6	59.5	54.1	49.3	45.1	41.4	38.2	35.5	33.1	31	29.2	27.7	26.4	25.3	24.4	23	22	21.3	20.8	20.5	20.3	20.2	20.1	20.1	20	20	20	20	20	20
1260	656	554.8	471.2	400	339.3	287.5	243	204.6	171.5	145.9	129	114.9	103.1	93.2	84.2	76.2	69.1	62.7	57	52	47.6	43.7	40.3	37.3	34.7	32.5	30.5	28.9	27.4	26.2	25.2	23.5	22.4	21.6	21	20.7	20.4	20.3	20.2	20.1	20.1	20	20	20	20	20
1320	668	567.3	483.8	412.5	351.4	299.1	254	215	181.3	153	134.6	120	107.6	97.3	88.1	79.9	72.5	65.9	60	54.8	50.1	46	42.4	39.2	36.4	34	31.9	30.1	28.5	27.1	26	24.2	22.8	21.9	21.3	20.8	20.5	20.3	20.2	20.1	20.1	20	20	20	20	20
1380	679.4	579.1	495.8	424.4	362.9	310.2	264.6	225.1	190.6	161	140.1	125	112.1	101.3	91.9	83.5	75.9	69.1	63	57.5	52.7	48.3	44.5	41.2	38.2	35.6	33.3	31.3	29.6	28.1	26.9	24.8	23.3	22.3	21.5	21	20.7	20.4	20.3	20.2	20.1	20.1	20	20	20	20
1440	690	590.2	507.1	435.7	374	320.8	274.8	234.8	199.8	169.4	145.8	129.9	116.6	105.2	95.6	87	79.2	72.2	65.9	60.3	55.2	50.7	46.7	43.1	40	37.2	34.8	32.7	30.8	29.2	27.8	25.5	23.9	22.7	21.8	21.2	20.8	20.5	20.3	20.2	20.1	20.1	20.1	20	20	20
1500	700	600.8	517.9	446.5	384.6	331	284.6	244.1	208.7	177.8	152	134.9	121.1	109.3	99.3	90.5	82.5	75.3	68.8	63	57.7	53	48.8	45.1	41.8	38.9	36.3	34	32	30.3	28.8	26.3	24.5	23.1	22.2	21.5	21	20.7	20.4	20.3	20.2	20.1	20.1	20	20	20
1560	709.5	610.9	528.2	456.8	394.8	340.9	294.1	253.3	217.5	186	158.7	139.7	125.5	113.3	102.8	93.9	85.7	78.4	71.7	65.7	60.2	55.4	51	47.1	43.6	40.6	37.8	35.4	33.3	31.4	29.8	27.1	25.1	23.6	22.5	21.8	21.2	20.8	20.5	20.4	20.2	20.1	20.1	20.1	20	20
1620	718.5	620.5	538	466.7	404.6	350.4	303.3	262.1	225.9	194	166.1	144.6	129.9	117.2	106.5	97.2	88.9	81.4	74.5	68.3	62.8	57.7	53.2	49.1	45.5	42.3	39.4	36.8	34.6	32.6	30.8	28	25.8	24.1	22.9	22.1	21.4	21	20.7	20.4	20.3	20.2	20.1	20.1	20.1	20.1
1680	727	629.6	547.5	476.2	414	359.6	312.2	270.6	234	201.7	173.3	150	134.2	121.2	110	100.4	92	84.3	77.3	71	65.2	60.1	55.4	51.2	47.4	44	41	38.3	35.9	33.8	31.9	28.8	26.5	24.7	23.4	22.4	21.7	21.2	20.8	20.5	20.4	20.2	20.2	20.1	20.1	20.1
1740	735.2	638.3	556.5	485.4	423.1	368.5	320.8	279	242	209.4	180.6	155.5	138.5	125.2	113.6	103.6	95	87.2	80.1	73.6	67.7	62.4	57.5	53.2	49.3	45.7	42.6	39.8	37.2	35	33	29.8	27.2	25.3	23.8	22.7	21.9	21.3	20.9	20.6	20.4	20.3	20.2	20.1	20.1	20.1
1800	742.9	646.6	565.2	494.2	431.9	377.2	329.2	287	249.8	216.8	187.5	161.8	142.8	129.1	117.2	106.9	98.1	90.1	82.8	76.2	70.2	64.7	59.7	55.2	51.1	47.5	44.2	41.2	38.6	36.3	34.2	30.7	28	25.9	24.3	23.1	22.2	21.6	21.1	20.8	20.5	20.4	20.2	20.2	20.1	20.1
1860	750.3	654.6	573.5	502.6	440.4	385.5	337.3	294.9	257.3	224	194.4	168.2	147.3	132.9	120.7	110.1	101	92.9	85.5	78.8	72.6	67	61.9	57.2	53	49.2	45.8	42.8	40	37.5	35.4	31.7	28.8	26.5	24.8	23.5	22.5	21.8	21.3	20.9	20.6	20.4	20.3	20.2	20.2	20.2
1920	757.5	662.2	581.5	510.8	448.6	393.6	345.2	302.5	264.7	231	201.1	174.6	152.1	136.8	124.3	113.3	103.9	95.6	88.1	81.3	75	69.2	64	59.2	54.9	51	47.5	44.3	41.4	38.8	36.5	32.7	29.6	27.2	25.3	23.9	22.9	22.1	21.5	21	20.7	20.5	20.4	20.3	20.2	20.2
1980	764.3	669.5	589.3	518.6	456.4	401.4	352.8	309.9	271.8	238	207.8	180.9	157.3	140.6	127.8	116.6	106.9	98.4	90.8	83.8	77.4	71.5	66.1	61.2	56.8	52.8	49.1	45.8	42.8	40.2	37.8	33.7	30.4	27.9	25.9	24.4	23.2	22.3	21.7	21.2	20.9	20.6	20.4	20.3	20.3	20.2
2040	770.8	676.5	596.7	526.2	464.1	409	360.2	317.1	278.8	244.7	214.2	187	162.9	144.4	131.3	119.8	109.8	101.1	93.3	86.2	79.7	73.7	68.2	63.2	58.7	54.5	50.8	47.4	44.3	41.5	39	34.7	31.3	28.6	26.5	24.8	23.6	22.6	21.9	21.4	21	20.7	20.5	20.4	20.3	20.3
2100	777.1	683.3	603.9	533.5	471.5	416.4	367.5	324.1	285.6	251.3	220.5	193	168.5	148.6	134.7	123	112.7	103.7	95.8	88.6	82	75.9	70.3	65.2	60.6	56.3	52.4	48.9	45.7	42.8	40.2	35.8	32.2	29.3	27.1	25.3	24	22.9	22.1	21.6	21.1	20.8	20.6	20.5	20.4	20.4
2160	783.2	689.8	610.9	540.6	478.6	423.5	374.5	331	292.3	257.7	226.7	198.9	174.1	152.9	138.2	126.2	115.6	106.4	98.4	91	84.3	78.1	72.4	67.2	62.4	58.1	54.1	50.5	47.2	44.2	41.5	36.8	33.1	30.1	27.7	25.8	24.4	23.3	22.4	21.8	21.3	20.9	20.7	20.5	20.5	20.4
2220	789	696.1	617.6	547.5	485.6	430.5	381.3	337.7	298.7	264	232.8	204.8	179.7	157.5	141.5	129.3	118.5	109	100.8	93.4	86.6	80.3	74.5	69.2	64.3	59.8	55.7	52	48.6	45.5	42.7	37.9	34	30.9	28.4	26.4	24.8	23.6	22.7	22	21.5	21.1	20.8	20.6	20.5	20.5
2280	794.7	702.2	624.1	554.2	492.4	437.3	388	344.2	305.1	270.1	238.7	210.4	185	162.5	145	132.4	121.4	111.7	103.2	95.7	88.8	82.4	76.5	71.1	66.1	61.6	57.4	53.6	50.1	46.9	44	39	35	31.7	29	26.9	25.3	24	23	22.2	21.6	21.2	20.9	20.7	20.6	20.6
2340	800.1	708.1	630.3	560.7	498.9	443.8	394.5	350.5	311.3	276.1	244.5	216	190.4	167.4	148.7	135.5	124.2	114.3	105.6	98	91	84.5	78.5	73	68	63.3	59	55.1	51.5	48.3	45.3	40.1	35.9	32.5	29.7	27.5	25.7	24.3	23.3	22.5	21.8	21.4	21.1	20.9	20.7	20.7
2400	805.4	713.8	636.4	567	505.3	450.2	400.9	356.8	317.3	282	250.2	221.5	195.6	172.4	152.5	138.6	127.1	117	108	100.2	93.1	86.6	80.5	74.9	69.8	65	60.7	56.7	53	49.6	46.6	41.3	36.9	33.3	30.4	28.1	26.2	24.7	23.6	22.7	22.1	21.6	21.2	21	20.8	20.8
2460	810.5	719.3	642.3	573.1	511.5	456.5	407.1	362.8	323.3	287.7	255.7	226.9	200.9	177.4	156.6	141.6	130	119.6	110.5	102.4	95.2	88.6	82.5	76.8	71.6	66.7	62.3	58.2	54.5	51	47.9	42.4	37.9	34.1	31.1	28.7	26.7	25.2	23.9	23	22.3	21.7	21.4	21.1	21	20.9
2520	815.5	724.6	648.1	579.1	517.6	462.5	413.1	368.8	329.1	293.4	261.2	232.2	205.9	182.2	161	144.7	132.8	122.2	112.9	104.6	97.4	90.7	84.4	78.7	73.4	68.5	63.9	59.7	55.9	52.4	49.2	43.5	38.8	35	31.8	29.3	27.2	25.6	24.3	23.3	22.5	21.9	21.5	21.3	21.1	21
2580	820.3	729.8	653.6	584.9	523.4	468.5	419	374.6	334.7	298.9	266.6	237.4	210.9	187	165.5	148	135.5	124.8	115.3	106.9	99.4	92.7	86.4	80.5	75.1	70.1	65.5	61.3	57.4	53.8	50.5	44.7	39.8	35.9	32.6	29.9	27.7	26	24.7	23.6	22.8	22.2	21.7	21.4	21.2	21.2
2640	825	734.9	659	590.5	529.2	474.2	424.8	380.3	340.3	304.3	271.8	242.5	215.8	191.7	169.9	151.5	138.4	127.5	117.7	109.1	101.5	94.6	88.3	82.4	76.9	71.8	67.1	62.8	58.8	55.1	51.8	45.8	40.9	36.7	33.3	30.5	28.3	26.5	25	23.9	23	22.4	21.9	21.6	21.4	21.3
2700	829.5	739.8	664.3	596.1	534.8	479.9	430.4	385.8	345.7	309.6	277	247.5	220.7	196.3	174.4	155	141.1	130	120.1	111.3	103.5	96.6	90.1	84.2	78.6	73.5	68.7	64.3	60.3	56.5	53.1	47	41.9	37.6	34.1	31.2	28.9	27	25.4	24.2	23.3	22.6	22.1	21.8	21.6	21.5
2760	833.9	744.6	669.4	601.4	540.3	485.4	436	391.3	351.1	314.8	282.1	252.4	225.4	201	178.7	158.8	143.9	132.6	122.5	113.5	105.6	98.5	92	86	80.4	75.2	70.3	65.8	61.7	57.9	54.4	48.1	42.9	38.5	34.9	31.9	29.4	27.4	25.8	24.6	23.6	22.9	22.3	21.9	21.7	21.7
2820	838.2	749.2	674.4	606.7	545.6	490.8	441.3	396.6	356.3	319.9	287.1	257.2	230.1	205.5	183	162.9	146.8	135.1	124.9	115.7	107.6	100.4	93.9	87.8	82.1	76.8	71.9	67.3	63.1	59.2	55.7	49.3	43.9	39.4	35.7	32.6	30	27.9	26.3	24.9	23.9	23.1	22.5	22.1	21.9	21.8
2880	842.3	753.8	679.3	611.8	550.8	496	446.6	401.9	361.4	325	291.9	262	234.7	209.9	187.3	166.9	149.8	137.6	127.3	118	109.7	102.3	95.6	89.5	83.8	78.4	73.5	68.8	64.6	60.6	56.9	50.5	45	40.3	36.5	33.2	30.6	28.4	26.7	25.3	24.2	23.4	22.8	22.4	22.1	22
2940	846.4	758.2	684.1	616.8	555.9	501.2	451.8	407	366.5	329.9	296.7	266.6	239.2	214.3	191.5	170.9	153	140.1	129.6	120.2	111.7	104.2	97.5	91.2	85.4	80	75	70.3	66	62	58.2	51.6	46	41.2	37.3	33.9	31.2	29	27.1	25.7	24.6	23.7	23	22.6	22.3	22.2
3000	850.4	762.5	688.7	621.7	560.9	506.2	456.8	412	371.4	334.7	301.5	271.2	243.7	218.6	195.7	174.9	156.3	142.6	132	122.4	113.8	106.1	99.2	93	87.1	81.6	76.5	71.8	67.4	63.3	59.5	52.8	47	42.2	38.1	34.7	31.8	29.5	27.6	26.1	24.9	24	23.3	22.8	22.6	22.5
3060	854.2	766.7	693.2	626.5	565.8	511.2	461.8	417	376.3	339.5	306.1	275.8	248.1	222.9	199.8	178.8	159.9	145.2	134.3	124.5	115.8	108	101	94.7	88.7	83.2	78.1	73.3	68.8	64.7	60.8	53.9	48.1	43.1	38.9	35.4	32.5	30	28.1	26.5	25.2	24.3	23.6	23.1	22.8	22.7
3120	858	770.8	697.6	631.1	570.6	516	466.7	421.8	381.1	344.2	310.7	280.2	252.4	227.1	203.9	182.7	163.5	147.9	136.5	126.7	117.8	109.8	102.7	96.3	90.3	84.8	79.6	74.7	70.2	66	62.1	55.1	49.1	44	39.7	36.1	33.1	30.6	28.6	26.9	25.6	24.6	23.9	23.3	23	22.9
3180	861.7	774.9	702	635.7	575.3	520.8	471.4	426.6	385.8	348.8	315.2	284.6	256.7	231.2	207.8	186.5	167.1	150.7	138.9	128.9	119.8	111.7	104.5	98	92	86.3	81.1	76.2	71.6	67.3	63.4	56.3	50.2	45	40.6	36.8	33.7	31.2	29.1	27.3	26	24.9	24.2	23.6	23.3	23.2
3240	865.3	778.8	706.2	640.2	579.9	525.4	476.1	431.2	390.4	353.3	319.6	288.9	260.9	235.2	211.8	190.3	170.7	153.7	141.2	131	121.9	113.6	106.2	99.6	93.6	87.9	82.6	77.6	73	68.7	64.6	57.4	51.2	45.9	41.4	37.6	34.4	31.7	29.6	27.8	26.4	25.3	24.5	23.9	23.6	23.5
3300	868.8	782.6	710.3	644.5	584.4	530	480.7	435.8	394.9	357.7	323.9	293.1	265	239.3	215.7	194.1	174.4	156.6	143.5	133.1	123.9	115.5	108	101.3	95.1	89.4	84	79	74.3	70	65.9	58.6	52.3	46.8	42.2	38.3	35.1	32.3	30.1	28.2	26.8	25.6	24.8	24.2	23.9	23.7
3360	872.3	786.4	714.4	648.8	588.8	534.5	485.2	440.3	399.4	362.1	328.2	297.3	269.1	243.2	219.5	197.8	177.9	159.9	145.8	135.2	125.9	117.4	109.7	102.8	96.7	90.9	85.5	80.4	75.7	71.3	67.2	59.7	53.3	47.8	43.1	39.1	35.7	32.9	30.6	28.7	27.2	26	25.1	24.5	24.2	24
3420	875.6	790.1	718.4	653	593.2	538.8	489.6	444.7	403.8	366.4	332.4	301.5	273.1	247.1	223.3	201.5	181.4	163.2	148.3	137.3	127.8	119.2	111.5	104.5	98.2	92.4	86.9	81.8	77.1	72.6	68.4	60.9	54.4	48.7	43.9	39.9	36.4	33.5	31.1	29.2	27.6	26.4	25.5	24.8	24.5	24.3
3480	878.9	793.7	722.3	657.1	597.4	543.2	493.9	449.1	408.1	370.7	336.6	305.5	277.1	251	227.1	205.1	184.9	166.5	150.9	139.4	129.8	121.1	113.2	106.1	99.7	93.9	88.4	83.2	78.4	73.9	69.6	62	55.4	49.7	44.8	40.6	37.1	34.1	31.7	29.7	28.1	26.8	25.8	25.2	24.8	24.7
3540	882.2	797.3	726.1	661.1	601.6	547.4	498.2	453.3	412.3	374.8	340.7	309.5	281	254.8	230.8	208.6	188.3	169.8	153.6	141.6	131.8	123	114.9	107.7	101.3	95.4	89.8	84.6	79.7	75.2	70.9	63.2	56.5	50.7	45.7	41.4	37.8	34.8	32.2	30.2	28.5	27.2	26.2	25.5	25.1	25
3600	885.3	800.8	729.8	665.1	605.7	551.6	502.4	457.5	416.5	378.9	344.7	313.5	284.8	258.6	234.4	212.2	191.8	173.1	156.3	143.7	133.8	124.8	116.7	109.4	102.7	96.8	91.2	86	81	76.4	72.1	64.3	57.5	51.6	46.5	42.2	38.5	35.4	32.8	30.7	29	27.6	26.6	25.9	25.5	25.3
3620	886.4	801.9	731	666.4	607.1	552.9	503.7	458.9	417.9	380.3	346.1	314.8	286.1	259.8	235.6	213.4	192.9	174.2	157.2	144.4	134.4	125.4	117.3	109.9	103.3	97.3	91.7	86.4	81.5	76.9	72.5	64.7	57.8	51.9	46.8	42.4	38.7	35.6	33	30.8	29.1	27.7	26.7	26	25.6	25.4
3640	887.4	803.1	732.3	667.6	608.4	554.3	505.1	460.3	419.2	381.7	347.4	316.1	287.4	261	236.8	214.5	194	175.3	158.2	145.1	135	126	117.8	110.4	103.8	97.8	92.1	86.9	81.9	77.3	72.9	65.1	58.2	52.2	47.1	42.7	39	35.8	33.2	31	29.3	27.9	26.9	26.1	25.7	25.6
3660	888.4	804.2	733.5	668.9	609.8	555.6	506.5	461.6	420.6	383	348.7	317.4	288.6	262.3	238	215.7	195.2	176.3	159.2	145.9	135.7	126.6	118.4	111	104.3	98.3	92.6	87.3	82.4	77.7	73.3	65.4	58.5	52.6	47.4	43	39.2	36	33.4	31.2	29.4	28	27	26.3	25.8	25.7
3680	889.4	805.3	734.7	670.2	611.1	557	507.8	463	421.9	384.3	350	318.6	289.9	263.5	239.2	216.9	196.3	177.4	160.2	146.6	136.3	127.2	119	111.5	104.8	98.8	93.1	87.8	82.8	78.1	73.7	65.8	58.9	52.9	47.7	43.2	39.4	36.2	33.6	31.4	29.6	28.2	27.1	26.4	25.9	25.8
3700	890.5	806.4	735.9	671.5	612.4	558.3	509.2	464.3	423.3	385.7	351.3	319.9	291.1	264.7	240.4	218	197.4	178.4	161.2	147.3	137	127.9	119.6	112.1	105.3	99.2	93.5	88.2	83.2	78.6	74.2	66.2	59.2	53.2	48	43.5	39.7	36.5	33.8	31.5	29.7	28.3	27.3	26.5	26.1	25.9
3720	891.5	807.5	737.1	672.7	613.7	559.7	510.5	465.7	424.6	387	352.6	321.2	292.4	265.9	241.6	219.2	198.5	179.5	162.2	148.1	137.6	128.5	120.1	112.6	105.8	99.7	94	88.7	83.7	79	74.6	66.6	59.6	53.5	48.3	43.8	39.9	36.7	34	31.7	29.9	28.5	27.4	26.6	26.2	26
3740	892.5	808.6	738.3	674	615	561	511.9	467	426	388.3	353.9	322.5	293.6	267.1	242.8	220.3	199.6	180.6	163.2	148.8	138.3	129.1	120.7	113.1	106.3	100.1	94.5	89.1	84.1	79.4	75	66.9	59.9	53.8	48.6	44	40.2	36.9	34.1	31.9	30.1	28.6	27.5	26.8	26.3	26.2
3760	893.5	809.7	739.4	675.2	616.3	562.3	513.2	468.3	427.3	389.6	355.2	323.7	294.9	268.3	243.9	221.4	200.7	181.6	164.2	149.6	138.9	129.7	121.3	113.7	106.8	100.6	94.9	89.6	84.5	79.8	75.4	67.3	60.3	54.2	48.9	44.3	40.4	37.1	34.3	32.1	30.2	28.8	27.7	26.9	26.4	26.3
3780	894.4	810.8	740.6	676.5	617.6	563.6	514.5	469.7	428.6	390.9	356.5	325	296.1	269.5	245.1	222.6	201.8	182.7	165.2	150.4	139.5	130.3	121.9	114.2	107.3	101.1	95.4	90	85	80.2	75.8	67.7	60.6	54.5	49.1	44.6	40.6	37.3	34.5	32.2	30.4	28.9	27.8	27	26.6	26.4
3800	895.4	811.9	741.8	677.7	618.9	564.9	515.8	471	429.9	392.2	357.8	326.2	297.3	270.7	246.3	223.7	202.9	183.7	166.2	151.3	140.2	130.9	122.4	114.8	107.8	101.5	95.8	90.5	85.4	80.6	76.2	68.1	61	54.8	49.4	44.8	40.9	37.5	34.7	32.4	30.5	29.1	27.9	27.2	26.7	26.6
3820	896.4	813	742.9	678.9	620.1	566.2	517.1	472.3	431.2	393.5	359	327.5	298.5	271.9	247.4	224.8	204	184.8	167.2	152.1	140.8	131.5	123	115.3	108.3	102	96.3	90.9	85.8	81.1	76.6	68.4	61.3	55.1	49.7	45.1	41.1	37.8	34.9	32.6	30.7	29.2	28.1	27.3	26.8	26.7
3840	897.4	814	744.1	680.1	621.4	567.5	518.4	473.6	432.5	394.8	360.3	328.7	299.7	273.1	248.6	225.9	205.1	185.8	168.2	152.9	141.5	132.1	123.6	115.8	108.8	102.5	96.7	91.3	86.2	81.5	77	68.8	61.7	55.4	50	45.4	41.4	38	35.1	32.8	30.9	29.4	28.2	27.4	27	26.8
3860	898.3	815.1	745.2	681.3	622.7	568.8	519.7	474.9	433.8	396.1	361.6	329.9	300.9	274.3	249.7	227.1	206.1	186.9	169.2	153.7	142.1	132.7	124.2	116.4	109.3	102.9	97.2	91.8	86.7	81.9	77.4	69.2	62	55.7	50.3	45.6	41.6	38.2	35.3	33	31	29.5	28.4	27.6	27.1	26.9
3880	899.3	816.1	746.4	682.5	623.9	570.1	521	476.2	435.1	397.4	362.8	331.2	302.1	275.4	250.8	228.2	207.2	187.9	170.2	154.5	142.8	133.3	124.7	116.9	109.8	103.4	97.6	92.2	87.1	82.3	77.8	69.6	62.4	56.1	50.6	45.9	41.9	38.4	35.5	33.2	31.2	29.7	28.5	27.7	27.2	27.1
3900	900.3	817.2	747.5	683.7	625.1	571.3	522.3	477.5	436.4	398.6	364.1	332.4	303.3	276.6	252	229.3	208.3	189	171.2	155.4	143.4	133.9	125.3	117.4	110.3	103.9	98.1	92.6	87.5	82.7	78.2	69.9	62.7	56.4	50.9	46.2	42.1	38.6	35.7	33.3	31.4	29.8	28.7	27.9	27.4	27.2
3920	901.2	818.2	748.6	684.9	626.4	572.6	523.6	478.7	437.7	399.9	365.3	333.6	304.5	277.8	253.1	230.4	209.4	190	172.3	156.2	144.1	134.5	125.9	118	110.8	104.4	98.5	93.1	87.9	83.1	78.6	70.3	63	56.7	51.2	46.4	42.3	38.9	35.9	33.5	31.6	30	28.8	28	27.5	27.3
3940	902.1	819.3	749.7	686.1	627.6	573.9	524.8	480	438.9	401.2	366.5	334.8	305.7	278.9	254.3	231.5	210.5	191.1	173.3	157.1	144.8	135.1	126.4	118.5	111.3	104.9	99	93.5	88.4	83.5	79	70.7	63.4	57	51.5	46.7	42.6	39.1	36.2	33.7	31.7	30.2	29	28.1	27.6	27.5
3960	903.1	820.3	750.8	687.3	628.8	575.1	526.1	481.3	440.2	402.4	367.8	336	306.9	280.1	255.4	232.6	211.5	192.1	174.2	158	145.4	135.7	127	119.1	111.8	105.3	99.4	93.9	88.8	83.9	79.4	71	63.7	57.3	51.8	47	42.8	39.3	36.4	33.9	31.9	30.3	29.1	28.3	27.8	27.6
3980	904	821.3	752	688.4	630	576.3	527.3	482.5	441.4	403.7	369	337.2	308.1	281.2	256.5	233.7	212.6	193.1	175.2	158.9	146.1	136.3	127.6	119.6	112.3	105.8	99.8	94.4	89.2	84.3	79.8	71.4	64.1	57.7	52.1	47.2	43.1	39.5	36.6	34.1	32.1	30.5	29.3	28.4	27.9	27.8
4000	904.9	822.3	753.1	689.6	631.3	577.6	528.6	483.8	442.7	404.9	370.2	338.4	309.2	282.4	257.6	234.8	213.6	194.1	176.2	159.8	146.8	136.9	128.1	120.1	112.8	106.3	100.3	94.8	89.6	84.7	80.2	71.8	64.4	58	52.4	47.5	43.3	39.8	36.8	34.3	32.2	30.6	29.4	28.6	28.1	27.9
4020	905.8	823.3	754.1	690.7	632.5	578.8	529.8	485	443.9	406.1	371.4	339.6	310.4	283.5	258.7	235.9	214.7	195.1	177.1	160.7	147.5	137.5	128.7	120.7	113.3	106.7	100.7	95.2	90	85.2	80.5	72.2	64.8	58.3	52.7	47.8	43.6	40	37	34.5	32.4	30.8	29.6	28.7	28.2	28
4040	906.8	824.3	755.2	691.9	633.7	580	531.1	486.3	445.2	407.4	372.6	340.8	311.6	284.7	259.8	236.9	215.7	196.2	178.1	161.6	148.2	138.1	129.3	121.2	113.9	107.2	101.2	95.7	90.5	85.6	80.9	72.5	65.1	58.6	53	48	43.8	40.2	37.2	34.7	32.6	31	29.7	28.9	28.3	28.2
4060	907.7	825.3	756.3	693	634.8	581.3	532.3	487.5	446.4	408.6	373.8	342	312.7	285.8	261	238	216.8	197.2	179.1	162.6	148.9	138.7	129.8	121.7	114.4	107.7	101.6	96.1	90.9	86	81.3	72.9	65.5	58.9	53.2	48.3	44.1	40.4	37.4	34.8	32.8	31.1	29.9	29	28.5	28.3
4080	908.6	826.3	757.4	694.2	636	582.5	533.5	488.7	447.6	409.8	375	343.2	313.9	286.9	262.1	239.1	217.8	198.2	180.1	163.5	149.6	139.3	130.4	122.3	114.9	108.1	102	96.5	91.3	86.4	81.7	73.3	65.8	59.3	53.5	48.6	44.3	40.7	37.6	35	33	31.3	30	29.2	28.6	28.5
4100	909.5	827.3	758.5	695.3	637.2	583.7	534.7	489.9	448.8	411	376.2	344.3	315	288	263.1	240.1	218.9	199.2	181	164.4	150.3	139.8	130.9	122.8	115.4	108.6	102.5	96.9	91.7	86.8	82.1	73.6	66.1	59.6	53.8	48.9	44.6	40.9	37.8	35.2	33.1	31.5	30.2	29.3	28.8	28.6
4120	910.4	828.3	759.5	696.4	638.4	584.9	535.9	491.2	450.1	412.2	377.4	345.5	316.2	289.2	264.2	241.2	219.9	200.2	182	165.3	151.1	140.4	131.5	123.3	115.8	109.1	102.9	97.3	92.1	87.2	82.5	74	66.5	59.9	54.1	49.1	44.8	41.1	38	35.4	33.3	31.6	30.4	29.5	28.9	28.8
4140	911.2	829.2	760.6	697.5	639.5	586.1	537.1	492.4	451.3	413.4	378.6	346.7	317.3	290.3	265.3	242.3	220.9	201.2	183	166.2	151.8	141	132.1	123.8	116.3	109.5	103.4	97.8	92.5	87.6	82.9	74.4	66.8	60.2	54.4	49.4	45.1	41.4	38.2	35.6	33.5	31.8	30.5	29.6	29.1	28.9
4160	912.1	830.2	761.6	698.6	640.7	587.2	538.3	493.6	452.5	414.6	379.8	347.8	318.5	291.4	266.4	243.3	222	202.2	183.9	167.2	152.6	141.6	132.6	124.4	116.9	110	103.8	98.2	92.9	88	83.3	74.7	67.2	60.5	54.7	49.7	45.3	41.6	38.4	35.8	33.7	32	30.7	29.8	29.2	29.1
4180	913	831.2	762.7	699.8	641.9	588.4	539.5	494.8	453.7	415.8	381	349	319.6	292.5	267.5	244.4	223	203.2	184.9	168.1	153.3	142.2	133.2	124.9	117.4	110.5	104.3	98.6	93.3	88.4	83.7	75.1	67.5	60.8	55	49.9	45.6	41.8	38.7	36	33.9	32.1	30.8	29.9	29.4	29.2
4200	913.9	832.1	763.7	700.8	643	589.6	540.7	496	454.9	417	382.1	350.1	320.7	293.6	268.6	245.4	224	204.2	185.8	169	154.1	142.9	133.7	125.4	117.9	111	104.7	99	93.8	88.8	84.1	75.4	67.8	61.2	55.3	50.2	45.8	42.1	38.9	36.2	34	32.3	31	30.1	29.5	29.4
4220	914.7	833.1	764.8	701.9	644.1	590.8	541.9	497.1	456	418.2	383.3	351.3	321.8	294.7	269.6	246.5	225	205.2	186.8	169.9	154.9	143.5	134.3	126	118.4	111.4	105.1	99.4	94.2	89.2	84.4	75.8	68.2	61.5	55.6	50.5	46.1	42.3	39.1	36.4	34.2	32.5	31.2	30.2	29.7	29.5
4240	915.6	834	765.8	703	645.3	591.9	543.1	498.3	457.2	419.4	384.5	352.4	322.9	295.8	270.7	247.5	226	206.2	187.7	170.8	155.6	144.1	134.8	126.5	118.9	111.9	105.6	99.9	94.6	89.5	84.8	76.2	68.5	61.8	55.9	50.8	46.3	42.5	39.3	36.6	34.4	32.7	31.3	30.4	29.8	29.7
4260	916.5	834.9	766.8	704.1	646.4	593.1	544.2	499.5	458.4	420.5	385.6	353.5	324.1	296.9	271.8	248.5	227.1	207.1	188.7	171.8	156.4	144.7	135.4	127	119.4	112.4	106	100.3	95	89.9	85.2	76.5	68.9	62.1	56.2	51	46.6	42.8	39.5	36.8	34.6	32.8	31.5	30.6	30	29.8
4280	917.3	835.9	767.8	705.2	647.5	594.3	545.4	500.7	459.6	421.7	386.8	354.7	325.2	298	272.8	249.6	228.1	208.1	189.7	172.7	157.2	145.3	135.9	127.5	119.9	112.8	106.5	100.7	95.4	90.3	85.6	76.9	69.2	62.4	56.5	51.3	46.8	43	39.7	37	34.8	33	31.7	30.7	30.2	30
4300	918.2	836.8	768.8	706.3	648.6	595.4	546.6	501.8	460.7	422.8	387.9	355.8	326.3	299	273.9	250.6	229.1	209.1	190.6	173.6	158	145.9	136.5	128.1	120.4	113.3	106.9	101.1	95.8	90.7	86	77.3	69.5	62.7	56.8	51.6	47.1	43.2	39.9	37.2	35	33.2	31.8	30.9	30.3	30.1
4320	919	837.7	769.8	707.3	649.7	596.5	547.7	503	461.9	424	389	356.9	327.4	300.1	274.9	251.6	230.1	210.1	191.6	174.5	158.9	146.6	137	128.6	120.8	113.8	107.4	101.5	96.2	91.1	86.3	77.6	69.9	63.1	57.1	51.9	47.3	43.5	40.2	37.4	35.2	33.4	32	31	30.5	30.3
4340	919.9	838.7	770.8	708.4	650.8	597.7	548.9	504.1	463	425.2	390.2	358	328.5	301.2	276	252.7	231.1	211	192.5	175.4	159.7	147.2	137.6	129.1	121.3	114.2	107.8	101.9	96.5	91.5	86.7	78	70.2	63.4	57.4	52.1	47.6	43.7	40.4	37.6	35.3	33.5	32.2	31.2	30.6	30.4
4360	920.7	839.6	771.8	709.4	651.9	598.8	550	505.3	464.2	426.3	391.3	359.2	329.6	302.3	277	253.7	232.1	212	193.4	176.3	160.5	147.8	138.2	129.6	121.8	114.7	108.2	102.3	96.9	91.9	87.1	78.3	70.6	63.7	57.7	52.4	47.8	43.9	40.6	37.8	35.5	33.7	32.3	31.4	30.8	30.6
4380	921.5	840.5	772.8	710.5	653	599.9	551.1	506.4	465.3	427.4	392.4	360.3	330.6	303.3	278.1	254.7	233.1	213	194.3	177.1	161.4	148.5	138.7	130.2	122.3	115.2	108.7	102.7	97.3	92.3	87.5	78.7	70.9	64	58	52.7	48.1	44.2	40.8	38	35.7	33.9	32.5	31.5	31	30.8
4400	922.3	841.4	773.8	711.5	654.1	601.1	552.3	507.6	466.5	428.6	393.6	361.4	331.7	304.4	279.1	255.7	234	213.9	195.3	178	162.3	149.1	139.2	130.7	122.8	115.6	109.1	103.2	97.7	92.7	87.9	79	71.2	64.3	58.2	52.9	48.4	44.4	41	38.2	35.9	34.1	32.7	31.7	31.1	30.9
4420	923.2	842.3	774.8	712.5	655.2	602.2	553.4	508.7	467.6	429.7	394.7	362.5	332.8	305.4	280.1	256.7	235	214.9	196.2	178.9	163.1	149.8	139.8	131.2	123.3	116.1	109.5	103.6	98.2	93.1	88.2	79.4	71.6	64.6	58.5	53.2	48.6	44.6	41.3	38.4	36.1	34.3	32.9	31.9	31.3	31.1
4440	924	843.2	775.8	713.6	656.3	603.3	554.5	509.8	468.7	430.8	395.8	363.6	333.9	306.5	281.2	257.7	236	215.8	197.1	179.8	164	150.5	140.3	131.7	123.8	116.6	110	104	98.6	93.4	88.6	79.8	71.9	64.9	58.8	53.5	48.9	44.9	41.5	38.6	36.3	34.4	33	32	31.4	31.2
4460	924.8	844.1	776.7	714.6	657.3	604.4	555.6	510.9	469.8	431.9	396.9	364.6	334.9	307.5	282.2	258.7	237	216.8	198.1	180.7	164.8	151.1	140.9	132.2	124.3	117.1	110.4	104.4	99	93.8	89	80.1	72.2	65.3	59.1	53.8	49.1	45.1	41.7	38.9	36.5	34.6	33.2	32.2	31.6	31.4
4480	925.6	844.9	777.7	715.6	658.4	605.5	556.7	512.1	471	433.1	398	365.7	336	308.6	283.2	259.7	238	217.7	199	181.6	165.6	151.8	141.4	132.8	124.8	117.5	110.9	104.8	99.3	94.2	89.4	80.5	72.6	65.6	59.4	54	49.4	45.4	41.9	39.1	36.7	34.8	33.4	32.4	31.8	31.6
4500	926.4	845.8	778.7	716.6	659.5	606.6	557.9	513.2	472.1	434.2	399.1	366.8	337.1	309.6	284.2	260.7	238.9	218.7	199.9	182.5	166.5	152.5	142	133.3	125.3	118	111.3	105.2	99.7	94.6	89.7	80.8	72.9	65.9	59.7	54.3	49.6	45.6	42.2	39.3	36.9	35	33.6	32.5	31.9	31.7
4520	927.2	846.7	779.6	717.6	660.5	607.7	559	514.3	473.2	435.3	400.2	367.9	338.1	310.7	285.3	261.7	239.9	219.6	200.8	183.4	167.3	153.2	142.6	133.8	125.8	118.5	111.8	105.7	100.1	95	90.1	81.2	73.2	66.2	60	54.6	49.9	45.8	42.4	39.5	37.1	35.2	33.7	32.7	32.1	31.9
4540	928	847.6	780.6	718.7	661.6	608.8	560	515.4	474.3	436.4	401.3	369	339.2	311.7	286.3	262.7	240.9	220.6	201.7	184.2	168.2	153.9	143.1	134.3	126.3	118.9	112.2	106.1	100.5	95.4	90.5	81.5	73.6	66.5	60.3	54.9	50.1	46.1	42.6	39.7	37.3	35.4	33.9	32.9	32.3	32.1
4560	928.8	848.4	781.5	719.7	662.6	609.8	561.1	516.5	475.4	437.5	402.4	370	340.2	312.7	287.3	263.7	241.8	221.5	202.6	185.1	169	154.7	143.7	134.8	126.8	119.4	112.6	106.5	100.9	95.7	90.9	81.9	73.9	66.8	60.6	55.1	50.4	46.3	42.8	39.9	37.5	35.6	34.1	33.1	32.5	32.3
4580	929.6	849.3	782.5	720.6	663.7	610.9	562.2	517.6	476.5	438.6	403.5	371.1	341.3	313.7	288.3	264.7	242.8	222.4	203.5	186	169.9	155.4	144.3	135.3	127.3	119.9	113.1	106.9	101.3	96.1	91.2	82.2	74.2	67.1	60.9	55.4	50.7	46.6	43.1	40.1	37.7	35.8	34.3	33.2	32.6	32.4
4600	930.4	850.2	783.4	721.6	664.7	612	563.3	518.7	477.6	439.6	404.6	372.2	342.3	314.8	289.3	265.6	243.7	223.4	204.5	186.9	170.7	156.1	144.8	135.9	127.8	120.3	113.5	107.3	101.7	96.5	91.6	82.6	74.6	67.5	61.2	55.7	50.9	46.8	43.3	40.3	37.9	35.9	34.5	33.4	32.8	32.6
4620	931.2	851	784.3	722.6	665.7	613	564.4	519.7	478.7	440.7	405.6	373.2	343.4	315.8	290.3	266.6	244.7	224.3	205.4	187.8	171.6	156.8	145.4	136.4	128.2	120.8	114	107.7	102	96.8	92	82.9	74.9	67.8	61.5	56	51.2	47	43.5	40.5	38.1	36.1	34.6	33.6	33	32.8
4640	931.9	851.9	785.2	723.6	666.7	614.1	565.5	520.8	479.7	441.8	406.7	374.3	344.4	316.8	291.3	267.6	245.6	225.2	206.3	188.7	172.4	157.5	146	136.9	128.7	121.2	114.4	108.1	102.4	97.2	92.3	83.3	75.2	68.1	61.8	56.3	51.4	47.3	43.7	40.7	38.3	36.3	34.8	33.8	33.1	32.9
4660	932.7	852.7	786.2	724.6	667.8	615.2	566.5	521.9	480.8	442.9	407.8	375.3	345.4	317.8	292.3	268.6	246.6	226.2	207.2	189.5	173.2	158.3	146.6	137.4	129.2	121.7	114.8	108.6	102.8	97.6	92.7	83.6	75.6	68.4	62.1	56.5	51.7	47.5	44	41	38.5	36.5	35	34	33.3	33.1
4680	933.5	853.6	787.1	725.5	668.8	616.2	567.6	523	481.9	443.9	408.8	376.4	346.5	318.8	293.2	269.5	247.5	227.1	208.1	190.4	174.1	159.1	147.1	137.9	129.7	122.2	115.3	109	103.2	98	93.1	84	75.9	68.7	62.4	56.8	52	47.8	44.2	41.2	38.7	36.7	35.2	34.1	33.5	33.3
4700	934.2	854.4	788	726.5	669.8	617.2	568.7	524	482.9	445	409.9	377.4	347.5	319.8	294.2	270.5	248.5	228	209	191.3	174.9	159.9	147.7	138.4	130.2	122.6	115.7	109.4	103.6	98.4	93.4	84.3	76.2	69	62.7	57.1	52.2	48	44.4	41.4	38.9	36.9	35.4	34.3	33.7	33.5
4720	935	855.2	788.9	727.5	670.8	618.3	569.7	525.1	484	446.1	410.9	378.5	348.5	320.8	295.2	271.5	249.4	228.9	209.8	192.1	175.7	160.6	148.3	138.9	130.7	123.1	116.2	109.8	104	98.8	93.8	84.7	76.6	69.3	63	57.4	52.5	48.3	44.6	41.6	39.1	37.1	35.6	34.5	33.9	33.6
4740	935.8	856	789.8	728.4	671.8	619.3	570.8	526.2	485.1	447.1	412	379.5	349.5	321.8	296.2	272.4	250.3	229.8	210.7	193	176.5	161.4	148.9	139.4	131.2	123.6	116.6	110.2	104.4	99.1	94.2	85	76.9	69.6	63.3	57.6	52.7	48.5	44.9	41.8	39.3	37.3	35.8	34.7	34	33.8
4760	936.5	856.9	790.7	729.4	672.8	620.3	571.8	527.2	486.1	448.2	413	380.5	350.5	322.8	297.2	273.4	251.3	230.7	211.6	193.8	177.4	162.2	149.5	139.9	131.7	124	117	110.6	104.8	99.5	94.5	85.4	77.2	70	63.5	57.9	53	48.7	45.1	42	39.5	37.5	35.9	34.9	34.2	34
4780	937.3	857.7	791.6	730.3	673.8	621.4	572.8	528.3	487.2	449.2	414.1	381.6	351.5	323.8	298.1	274.3	252.2	231.6	212.5	194.7	178.2	163	150.2	140.4	132.1	124.5	117.5	111	105.2	99.8	94.9	85.7	77.5	70.3	63.8	58.2	53.3	49	45.3	42.3	39.7	37.7	36.1	35	34.4	34.2
4800	938	858.5	792.5	731.3	674.7	622.4	573.9	529.3	488.2	450.3	415.1	382.6	352.6	324.8	299.1	275.3	253.1	232.5	213.4	195.5	179	163.8	150.8	140.9	132.6	125	117.9	111.5	105.6	100.2	95.2	86.1	77.9	70.6	64.1	58.5	53.5	49.2	45.6	42.5	39.9	37.9	36.3	35.2	34.6	34.4
4820	938.8	859.3	793.4	732.2	675.7	623.4	574.9	530.3	489.3	451.3	416.2	383.6	353.6	325.8	300.1	276.2	254	233.4	214.2	196.4	179.8	164.6	151.4	141.5	133.1	125.4	118.3	111.9	106	100.6	95.6	86.4	78.2	70.9	64.4	58.7	53.8	49.5	45.8	42.7	40.1	38.1	36.5	35.4	34.8	34.5
4840	939.5	860.1	794.3	733.2	676.7	624.4	575.9	531.4	490.3	452.3	417.2	384.6	354.6	326.8	301	277.1	255	234.3	215.1	197.2	180.6	165.4	152.1	142	133.6	125.9	118.8	112.3	106.4	101	96	86.8	78.5	71.2	64.7	59	54	49.7	46	42.9	40.3	38.3	36.7	35.6	34.9	34.7
4860	940.2	860.9	795.2	734.1	677.7	625.4	577	532.4	491.3	453.4	418.2	385.6	355.6	327.7	302	278.1	255.9	235.2	216	198.1	181.5	166.1	152.7	142.5	134.1	126.3	119.2	112.7	106.8	101.3	96.3	87.1	78.9	71.5	65	59.3	54.3	50	46.3	43.1	40.6	38.5	36.9	35.8	35.1	34.9
4880	941	861.7	796.1	735	678.6	626.4	578	533.4	492.4	454.4	419.2	386.6	356.5	328.7	302.9	279	256.8	236.1	216.9	198.9	182.3	166.9	153.4	143	134.6	126.8	119.7	113.1	107.1	101.7	96.7	87.4	79.2	71.8	65.3	59.6	54.6	50.2	46.5	43.4	40.8	38.7	37.1	36	35.3	35.1
4900	941.7	862.5	796.9	735.9	679.6	627.4	579	534.4	493.4	455.4	420.2	387.6	357.5	329.7	303.9	279.9	257.7	237	217.7	199.8	183.1	167.7	154	143.6	135	127.3	120.1	113.5	107.5	102	97	87.8	79.5	72.1	65.6	59.8	54.8	50.5	46.7	43.6	41	38.9	37.3	36.2	35.5	35.3
4920	942.4	863.3	797.8	736.9	680.6	628.4	580	535.5	494.4	456.4	421.3	388.6	358.5	330.7	304.8	280.9	258.6	237.9	218.6	200.6	183.9	168.5	154.7	144.1	135.5	127.7	120.5	113.9	107.9	102.4	97.4	88.1	79.8	72.4	65.9	60.1	55.1	50.7	47	43.8	41.2	39.1	37.5	36.4	35.7	35.5
4940	943.1	864.1	798.7	737.8	681.5	629.4	581	536.5	495.4	457.4	422.3	389.6	359.5	331.6	305.8	281.8	259.5	238.8	219.4	201.4	184.7	169.3	155.4	144.6	136	128.2	121	114.4	108.3	102.8	97.7	88.5	80.2	72.8	66.2	60.4	55.3	51	47.2	44	41.4	39.3	37.7	36.5	35.9	35.6
4960	943.9	864.8	799.5	738.7	682.5	630.4	582	537.5	496.4	458.5	423.3	390.6	360.5	332.6	306.7	282.7	260.4	239.6	220.3	202.3	185.5	170.1	156	145.2	136.5	128.6	121.4	114.8	108.7	103.2	98.1	88.8	80.5	73.1	66.5	60.7	55.6	51.2	47.4	44.2	41.6	39.5	37.9	36.7	36.1	35.8
4980	944.6	865.6	800.4	739.6	683.4	631.4	583	538.5	497.4	459.5	424.3	391.6	361.5	333.5	307.7	283.6	261.3	240.5	221.2	203.1	186.3	170.9	156.7	145.7	136.9	129.1	121.8	115.2	109.1	103.5	98.5	89.1	80.8	73.4	66.8	61	55.9	51.4	47.7	44.5	41.8	39.7	38.1	36.9	36.2	36
5000	945.3	866.4	801.2	740.5	684.4	632.3	584	539.5	498.4	460.5	425.3	392.6	362.4	334.5	308.6	284.6	262.2	241.4	222	204	187.2	171.6	157.4	146.2	137.4	129.5	122.3	115.6	109.5	103.9	98.8	89.5	81.1	73.7	67.1	61.2	56.1	51.7	47.9	44.7	42	39.9	38.3	37.1	36.4	36.2
5020	946	867.2	802.1	741.4	685.3	633.3	585	540.5	499.4	461.5	426.3	393.6	363.4	335.4	309.5	285.5	263.1	242.3	222.9	204.8	188	172.4	158.1	146.8	137.9	130	122.7	116	109.9	104.3	99.2	89.8	81.4	74	67.4	61.5	56.4	51.9	48.1	44.9	42.2	40.1	38.5	37.3	36.6	36.4
5040	946.7	867.9	802.9	742.3	686.2	634.3	586	541.5	500.4	462.5	427.3	394.6	364.4	336.4	310.5	286.4	264	243.2	223.7	205.6	188.8	173.2	158.8	147.3	138.4	130.5	123.1	116.4	110.3	104.6	99.5	90.2	81.8	74.3	67.7	61.8	56.7	52.2	48.4	45.1	42.5	40.3	38.7	37.5	36.8	36.6
5060	947.4	868.7	803.8	743.2	687.2	635.2	587	542.5	501.4	463.5	428.3	395.6	365.3	337.3	311.4	287.3	264.9	244	224.6	206.5	189.6	173.9	159.5	147.9	138.9	130.9	123.6	116.8	110.7	105	99.8	90.5	82.1	74.6	67.9	62.1	56.9	52.4	48.6	45.4	42.7	40.5	38.9	37.7	37	36.8
5080	948.1	869.5	804.6	744.1	688.1	636.2	588	543.5	502.4	464.4	429.2	396.5	366.3	338.3	312.3	288.2	265.8	244.9	225.4	207.3	190.4	174.7	160.2	148.4	139.3	131.4	124	117.2	111	105.4	100.2	90.8	82.4	74.9	68.2	62.3	57.2	52.7	48.8	45.6	42.9	40.7	39.1	37.9	37.2	37
5100	948.8	870.2	805.4	745	689	637.2	588.9	544.4	503.4	465.4	430.2	397.5	367.2	339.2	313.2	289.1	266.7	245.8	226.3	208.1	191.2	175.4	161	149	139.8	131.8	124.4	117.7	111.4	105.7	100.6	91.2	82.7	75.2	68.5	62.6	57.4	52.9	49.1	45.8	43.1	40.9	39.3	38.1	37.4	37.2
5120	949.5	871	806.3	745.8	689.9	638.1	589.9	545.4	504.4	466.4	431.2	398.5	368.2	340.2	314.2	290	267.5	246.6	227.1	208.9	191.9	176.2	161.7	149.6	140.3	132.3	124.9	118.1	111.8	106.1	100.9	91.5	83.1	75.5	68.8	62.9	57.7	53.2	49.3	46	43.3	41.1	39.5	38.3	37.6	37.4
5140	950.2	871.7	807.1	746.7	690.9	639.1	590.9	546.4	505.4	467.4	432.2	399.5	369.1	341.1	315.1	290.9	268.4	247.5	227.9	209.7	192.7	177	162.4	150.1	140.7	132.7	125.3	118.5	112.2	106.5	101.3	91.8	83.4	75.8	69.1	63.2	58	53.4	49.6	46.3	43.5	41.4	39.7	38.5	37.8	37.5
5160	950.9	872.5	807.9	747.6	691.8	640	591.8	547.4	506.3	468.4	433.1	400.4	370.1	342	316	291.8	269.3	248.3	228.8	210.5	193.5	177.7	163.2	150.7	141.2	133.2	125.7	118.9	112.6	106.9	101.6	92.2	83.7	76.1	69.4	63.5	58.2	53.7	49.8	46.5	43.8	41.6	39.9	38.7	38	37.7
5180	951.6	873.2	808.8	748.5	692.7	640.9	592.8	548.3	507.3	469.3	434.1	401.4	371	342.9	316.9	292.7	270.2	249.2	229.6	211.4	194.3	178.5	163.9	151.3	141.7	133.6	126.2	119.3	113	107.3	102	92.5	84	76.4	69.7	63.7	58.5	53.9	50	46.7	44	41.8	40.1	38.9	38.2	37.9
5200	952.2	874	809.6	749.3	693.6	641.9	593.7	549.3	508.3	470.3	435.1	402.3	372	343.9	317.8	293.6	271	250	230.4	212.2	195.1	179.3	164.6	151.9	142.2	134.1	126.6	119.7	113.4	107.6	102.3	92.8	84.3	76.7	70	64	58.8	54.2	50.3	46.9	44.2	42	40.3	39.1	38.4	38.1
5220	952.9	874.7	810.4	750.2	694.5	642.8	594.7	550.2	509.2	471.2	436	403.3	372.9	344.8	318.7	294.5	271.9	250.9	231.3	213	195.9	180	165.3	152.5	142.7	134.5	127	120.1	113.8	108	102.6	93.1	84.7	77.1	70.3	64.3	59	54.4	50.5	47.2	44.4	42.2	40.5	39.3	38.6	38.3
5240	953.6	875.4	811.2	751	695.4	643.7	595.7	551.2	510.2	472.2	437	404.2	373.8	345.7	319.6	295.4	272.8	251.7	232.1	213.8	196.7	180.8	166.1	153.1	143.2	135	127.5	120.5	114.2	108.3	103	93.5	85	77.4	70.6	64.6	59.3	54.7	50.8	47.4	44.6	42.4	40.7	39.5	38.8	38.5
5260	954.3	876.2	812	751.9	696.3	644.6	596.6	552.2	511.1	473.2	437.9	405.2	374.8	346.6	320.5	296.2	273.6	252.6	232.9	214.6	197.5	181.5	166.8	153.7	143.7	135.4	127.9	121	114.6	108.7	103.3	93.8	85.3	77.7	70.9	64.8	59.6	55	51	47.6	44.9	42.6	40.9	39.7	39	38.7
5280	954.9	876.9	812.8	752.7	697.2	645.6	597.5	553.1	512.1	474.1	438.9	406.1	375.7	347.5	321.4	297.1	274.5	253.4	233.7	215.4	198.2	182.3	167.5	154.3	144.2	135.9	128.3	121.4	114.9	109	103.6	94.1	85.6	78	71.1	65.1	59.8	55.2	51.2	47.9	45.1	42.8	41.1	39.9	39.2	38.9
5300	955.6	877.6	813.6	753.6	698	646.5	598.5	554	513	475.1	439.8	407.1	376.6	348.4	322.3	298	275.3	254.2	234.6	216.2	199	183	168.2	155	144.7	136.3	128.8	121.8	115.3	109.4	104	94.4	85.9	78.3	71.4	65.4	60.1	55.5	51.5	48.1	45.3	43	41.3	40.1	39.4	39.1
5320	956.3	878.3	814.4	754.4	698.9	647.4	599.4	555	514	476	440.8	408	377.5	349.4	323.2	298.9	276.2	255.1	235.4	217	199.8	183.8	169	155.6	145.2	136.8	129.2	122.2	115.7	109.8	104.3	94.8	86.2	78.6	71.7	65.7	60.3	55.7	51.7	48.3	45.5	43.3	41.5	40.3	39.6	39.3
5340	956.9	879.1	815.2	755.3	699.8	648.3	600.3	555.9	514.9	476.9	441.7	408.9	378.5	350.3	324.1	299.7	277.1	255.9	236.2	217.8	200.6	184.5	169.7	156.2	145.7	137.2	129.6	122.6	116.1	110.1	104.7	95.1	86.5	78.9	72	65.9	60.6	56	52	48.6	45.7	43.5	41.7	40.5	39.8	39.5
5360	957.6	879.8	816	756.1	700.7	649.2	601.3	556.9	515.9	477.9	442.6	409.9	379.4	351.2	325	300.6	277.9	256.8	237	218.6	201.4	185.3	170.4	156.8	146.2	137.7	130	123	116.5	110.5	105	95.4	86.8	79.2	72.3	66.2	60.9	56.2	52.2	48.8	46	43.7	41.9	40.7	40	39.7
5380	958.2	880.5	816.7	756.9	701.5	650.1	602.2	557.8	516.8	478.8	443.6	410.8	380.3	352.1	325.8	301.5	278.8	257.6	237.8	219.4	202.1	186.1	171.2	157.5	146.7	138.1	130.5	123.4	116.9	110.9	105.4	95.8	87.2	79.5	72.6	66.5	61.1	56.5	52.4	49	46.2	43.9	42.2	40.9	40.2	39.9
5400	958.9	881.2	817.5	757.8	702.4	651	603.1	558.7	517.7	479.8	444.5	411.7	381.2	353	326.7	302.3	279.6	258.4	238.6	220.2	202.9	186.8	171.9	158.1	147.2	138.6	130.9	123.8	117.3	111.3	105.8	96.1	87.5	79.8	72.9	66.8	61.4	56.7	52.7	49.3	46.4	44.1	42.4	41.1	40.4	40.1
5420	959.5	881.9	818.3	758.6	703.3	651.9	604	559.6	518.7	480.7	445.4	412.6	382.1	353.8	327.6	303.2	280.4	259.2	239.4	221	203.7	187.5	172.6	158.8	147.7	139	131.3	124.2	117.7	111.6	106.1	96.4	87.8	80.1	73.2	67.1	61.7	57	52.9	49.5	46.6	44.3	42.6	41.3	40.6	40.3
5440	960.2	882.6	819.1	759.4	704.1	652.8	605	560.6	519.6	481.6	446.3	413.5	383	354.7	328.5	304	281.3	260.1	240.2	221.7	204.4	188.3	173.3	159.4	148.2	139.4	131.7	124.6	118	112	106.5	96.8	88.1	80.4	73.5	67.3	61.9	57.2	53.2	49.7	46.9	44.6	42.8	41.5	40.8	40.5
5460	960.8	883.3	819.8	760.2	705	653.7	605.9	561.5	520.5	482.5	447.3	414.5	383.9	355.6	329.3	304.9	282.1	260.9	241.1	222.5	205.2	189	174	160.1	148.7	139.9	132.2	125	118.4	112.4	106.8	97.1	88.4	80.7	73.7	67.6	62.2	57.5	53.4	50	47.1	44.8	43	41.7	41	40.8
5480	961.5	884	820.6	761.1	705.8	654.5	606.8	562.4	521.4	483.4	448.2	415.4	384.8	356.5	330.2	305.8	283	261.7	241.9	223.3	206	189.8	174.7	160.8	149.3	140.3	132.6	125.4	118.8	112.8	107.2	97.4	88.7	81	74	67.9	62.5	57.7	53.7	50.2	47.3	45	43.2	42	41.2	41
5500	962.1	884.7	821.4	761.9	706.7	655.4	607.7	563.3	522.3	484.4	449.1	416.3	385.7	357.4	331.1	306.6	283.8	262.5	242.7	224.1	206.7	190.5	175.4	161.5	149.8	140.8	133	125.8	119.2	113.1	107.6	97.8	89.1	81.3	74.3	68.2	62.7	58	53.9	50.4	47.5	45.2	43.4	42.2	41.4	41.2
5520	962.7	885.4	822.1	762.7	707.5	656.3	608.6	564.2	523.2	485.3	450	417.2	386.6	358.3	331.9	307.5	284.6	263.3	243.4	224.9	207.5	191.2	176.1	162.2	150.3	141.2	133.4	126.3	119.6	113.5	107.9	98.1	89.4	81.6	74.6	68.4	63	58.2	54.1	50.7	47.8	45.4	43.6	42.4	41.6	41.4
5540	963.4	886.1	822.9	763.5	708.4	657.2	609.5	565.1	524.1	486.2	450.9	418.1	387.5	359.2	332.8	308.3	285.5	264.1	244.2	225.6	208.2	192	176.8	162.9	150.9	141.6	133.9	126.7	120	113.9	108.3	98.4	89.7	81.9	74.9	68.7	63.3	58.5	54.4	50.9	48	45.7	43.9	42.6	41.8	41.6
5560	964	886.7	823.6	764.3	709.2	658	610.4	566	525.1	487.1	451.8	419	388.4	360	333.7	309.1	286.3	265	245	226.4	209	192.7	177.5	163.5	151.4	142.1	134.3	127.1	120.4	114.3	108.6	98.7	90	82.2	75.2	69	63.5	58.7	54.6	51.1	48.2	45.9	44.1	42.8	42	41.8
5580	964.6	887.4	824.4	765.1	710.1	658.9	611.3	566.9	526	488	452.7	419.9	389.3	360.9	334.5	310	287.1	265.8	245.8	227.2	209.7	193.4	178.3	164.2	152	142.6	134.7	127.5	120.8	114.6	109	99	90.3	82.5	75.5	69.3	63.8	59	54.9	51.4	48.4	46.1	44.3	43	42.2	42
5600	965.3	888.1	825.1	765.9	710.9	659.8	612.1	567.8	526.9	488.9	453.6	420.8	390.2	361.8	335.4	310.8	287.9	266.6	246.6	228	210.5	194.2	179	164.9	152.5	143	135.1	127.9	121.2	115	109.3	99.3	90.6	82.8	75.8	69.5	64.1	59.3	55.1	51.6	48.7	46.3	44.5	43.2	42.5	42.2
5620	965.9	888.8	825.9	766.7	711.7	660.6	613	568.7	527.7	489.8	454.5	421.7	391.1	362.6	336.2	311.7	288.8	267.4	247.4	228.7	211.2	194.9	179.7	165.5	153.1	143.5	135.6	128.3	121.6	115.3	109.6	99.6	90.9	83.1	76.1	69.8	64.3	59.5	55.4	51.8	48.9	46.5	44.7	43.4	42.7	42.4
5640	966.5	889.4	826.6	767.5	712.6	661.5	613.9	569.6	528.6	490.7	455.4	422.5	391.9	363.5	337.1	312.5	289.6	268.2	248.2	229.5	212	195.6	180.4	166.2	153.7	144	136	128.7	121.9	115.7	110	99.9	91.2	83.4	76.3	70.1	64.6	59.8	55.6	52.1	49.1	46.8	44.9	43.6	42.9	42.6
5660	967.1	890.1	827.3	768.3	713.4	662.3	614.8	570.5	529.5	491.6	456.3	423.4	392.8	364.4	337.9	313.3	290.4	269	249	230.2	212.7	196.3	181.1	166.9	154.3	144.4	136.4	129.1	122.3	116.1	110.3	100.3	91.5	83.7	76.6	70.4	64.8	60	55.9	52.3	49.4	47	45.2	43.9	43.1	42.8
5680	967.7	890.8	828.1	769.1	714.2	663.2	615.6	571.4	530.4	492.5	457.2	424.3	393.7	365.2	338.8	314.2	291.2	269.8	249.7	231	213.5	197.1	181.8	167.6	154.8	144.9	136.8	129.5	122.7	116.5	110.7	100.6	91.8	84	76.9	70.6	65.1	60.3	56.1	52.5	49.6	47.2	45.4	44.1	43.3	43
5700	968.4	891.4	828.8	769.8	715	664	616.5	572.3	531.3	493.3	458.1	425.2	394.5	366.1	339.6	315	292	270.6	250.5	231.8	214.2	197.8	182.5	168.3	155.4	145.4	137.2	129.9	123.1	116.8	111	100.9	92.1	84.2	77.2	70.9	65.4	60.5	56.3	52.8	49.8	47.4	45.6	44.3	43.5	43.3
5720	969	892.1	829.5	770.6	715.8	664.9	617.4	573.1	532.2	494.2	458.9	426.1	395.4	366.9	340.5	315.8	292.8	271.4	251.3	232.5	215	198.5	183.2	168.9	156	145.8	137.7	130.3	123.5	117.2	111.4	101.2	92.4	84.5	77.5	71.2	65.6	60.8	56.6	53	50.1	47.7	45.8	44.5	43.7	43.5
5740	969.6	892.8	830.3	771.4	716.6	665.7	618.2	574	533.1	495.1	459.8	426.9	396.3	367.8	341.3	316.6	293.6	272.1	252.1	233.3	215.7	199.3	183.9	169.6	156.6	146.3	138.1	130.7	123.9	117.6	111.8	101.6	92.8	84.8	77.8	71.5	65.9	61	56.8	53.3	50.3	47.9	46	44.7	43.9	43.7
5760	970.2	893.4	831	772.2	717.4	666.6	619.1	574.9	533.9	496	460.7	427.8	397.1	368.6	342.1	317.4	294.4	272.9	252.8	234	216.4	200	184.6	170.3	157.2	146.8	138.5	131.1	124.3	117.9	112.1	101.9	93.1	85.1	78.1	71.7	66.2	61.3	57.1	53.5	50.5	48.1	46.3	44.9	44.2	43.9
5780	970.8	894.1	831.7	772.9	718.2	667.4	620	575.7	534.8	496.8	461.6	428.7	398	369.5	343	318.3	295.2	273.7	253.6	234.8	217.2	200.7	185.3	171	157.8	147.3	138.9	131.5	124.7	118.3	112.5	102.2	93.4	85.4	78.3	72	66.4	61.6	57.3	53.7	50.7	48.3	46.5	45.2	44.4	44.1
5800	971.4	894.7	832.4	773.7	719	668.2	620.8	576.6	535.7	497.7	462.4	429.5	398.9	370.3	343.8	319.1	296	274.5	254.4	235.6	217.9	201.4	186	171.6	158.4	147.7	139.3	131.9	125	118.7	112.8	102.5	93.6	85.7	78.6	72.3	66.7	61.8	57.6	54	51	48.6	46.7	45.4	44.6	44.3
5820	972	895.4	833.1	774.5	719.8	669	621.7	577.5	536.5	498.6	463.3	430.4	399.7	371.2	344.6	319.9	296.8	275.3	255.1	236.3	218.7	202.1	186.7	172.3	159	148.2	139.8	132.3	125.4	119	113.2	102.8	93.9	86	78.9	72.6	67	62.1	57.8	54.2	51.2	48.8	46.9	45.6	44.8	44.5
5840	972.6	896	833.9	775.2	720.6	669.9	622.5	578.3	537.4	499.4	464.1	431.3	400.6	372	345.4	320.7	297.6	276.1	255.9	237.1	219.4	202.8	187.4	173	159.6	148.7	140.2	132.7	125.8	119.4	113.5	103.1	94.2	86.3	79.2	72.8	67.2	62.3	58.1	54.5	51.4	49	47.1	45.8	45	44.8
5860	973.2	896.7	834.6	776	721.4	670.7	623.3	579.2	538.3	500.3	465	432.1	401.4	372.8	346.3	321.5	298.4	276.8	256.7	237.8	220.1	203.6	188.1	173.6	160.3	149.2	140.6	133.1	126.2	119.8	113.9	103.4	94.5	86.6	79.5	73.1	67.5	62.6	58.3	54.7	51.7	49.2	47.4	46	45.2	45
5880	973.8	897.3	835.3	776.7	722.2	671.5	624.2	580	539.1	501.2	465.9	433	402.3	373.7	347.1	322.3	299.2	277.6	257.4	238.5	220.8	204.3	188.7	174.3	160.9	149.7	141	133.5	126.6	120.1	114.2	103.7	94.8	86.9	79.8	73.4	67.8	62.8	58.6	54.9	51.9	49.5	47.6	46.3	45.5	45.2
5900	974.4	897.9	836	777.5	723	672.3	625	580.9	540	502	466.7	433.8	403.1	374.5	347.9	323.1	300	278.4	258.2	239.3	221.6	205	189.4	175	161.6	150.2	141.4	133.9	127	120.5	114.5	104	95.1	87.2	80	73.7	68	63.1	58.8	55.2	52.1	49.7	47.8	46.5	45.7	45.4
5920	974.9	898.6	836.7	778.2	723.8	673.1	625.9	581.7	540.8	502.9	467.6	434.7	404	375.3	348.7	323.9	300.8	279.2	259	240	222.3	205.7	190.1	175.6	162.2	150.7	141.8	134.3	127.3	120.9	114.9	104.3	95.4	87.5	80.3	73.9	68.3	63.4	59.1	55.4	52.4	49.9	48	46.7	45.9	45.6
5940	975.5	899.2	837.4	779	724.6	673.9	626.7	582.6	541.7	503.7	468.4	435.5	404.8	376.2	349.5	324.7	301.6	279.9	259.7	240.8	223	206.4	190.8	176.3	162.8	151.2	142.3	134.7	127.7	121.2	115.2	104.7	95.7	87.8	80.6	74.2	68.6	63.6	59.3	55.7	52.6	50.2	48.3	46.9	46.1	45.8
5960	976.1	899.8	838.1	779.7	725.4	674.7	627.5	583.4	542.5	504.6	469.3	436.4	405.6	377	350.3	325.5	302.4	280.7	260.5	241.5	223.7	207.1	191.5	176.9	163.5	151.8	142.7	135.1	128.1	121.6	115.6	105	96	88	80.9	74.5	68.8	63.9	59.6	55.9	52.9	50.4	48.5	47.1	46.3	46.1
5980	976.7	900.5	838.8	780.5	726.1	675.5	628.3	584.3	543.4	505.4	470.1	437.2	406.5	377.8	351.2	326.3	303.1	281.5	261.2	242.2	224.5	207.8	192.2	177.6	164.1	152.3	143.1	135.5	128.5	122	115.9	105.3	96.3	88.3	81.2	74.8	69.1	64.1	59.8	56.1	53.1	50.6	48.7	47.4	46.6	46.3
6000	977.3	901.1	839.4	781.2	726.9	676.3	629.2	585.1	544.2	506.3	471	438	407.3	378.6	352	327.1	303.9	282.2	262	243	225.2	208.5	192.9	178.3	164.7	152.8	143.6	135.9	128.9	122.3	116.3	105.6	96.7	88.6	81.4	75	69.4	64.4	60.1	56.4	53.3	50.8	48.9	47.6	46.8	46.5
6020	977.9	901.7	840.1	781.9	727.7	677.1	630	585.9	545	507.1	471.8	438.9	408.1	379.4	352.8	327.9	304.7	283	262.7	243.7	225.9	209.2	193.5	178.9	165.4	153.4	144	136.3	129.2	122.7	116.6	106	97	88.9	81.7	75.3	69.6	64.6	60.3	56.6	53.6	51.1	49.2	47.8	47	46.7
6040	978.4	902.3	840.8	782.7	728.4	677.9	630.8	586.8	545.9	507.9	472.6	439.7	409	380.3	353.6	328.7	305.5	283.8	263.5	244.4	226.6	209.9	194.2	179.6	166	153.9	144.5	136.7	129.6	123.1	117	106.3	97.3	89.2	82	75.6	69.9	64.9	60.6	56.9	53.8	51.3	49.4	48	47.2	46.9
6060	979	903	841.5	783.4	729.2	678.7	631.6	587.6	546.7	508.8	473.5	440.5	409.8	381.1	354.4	329.5	306.2	284.5	264.2	245.2	227.3	210.6	194.9	180.2	166.6	154.4	144.9	137.1	130	123.4	117.4	106.6	97.6	89.5	82.3	75.9	70.1	65.1	60.8	57.1	54	51.5	49.6	48.3	47.4	47.2
6080	979.6	903.6	842.2	784.1	730	679.5	632.4	588.4	547.5	509.6	474.3	441.4	410.6	381.9	355.2	330.3	307	285.3	264.9	245.9	228	211.3	195.6	180.9	167.2	155	145.3	137.5	130.4	123.8	117.7	107	97.9	89.8	82.6	76.1	70.4	65.4	61.1	57.4	54.3	51.8	49.8	48.5	47.7	47.4
6100	980.1	904.2	842.9	784.9	730.7	680.3	633.2	589.2	548.4	510.4	475.1	442.2	411.4	382.7	356	331.1	307.8	286	265.7	246.6	228.7	212	196.2	181.5	167.9	155.5	145.8	137.9	130.8	124.2	118.1	107.3	98.2	90.1	82.9	76.4	70.7	65.7	61.3	57.6	54.5	52	50.1	48.7	47.9	47.6
6120	980.7	904.8	843.5	785.6	731.5	681.1	634.1	590.1	549.2	511.3	475.9	443	412.2	383.5	356.8	331.8	308.6	286.8	266.4	247.3	229.4	212.7	196.9	182.2	168.5	156.1	146.2	138.3	131.2	124.5	118.4	107.6	98.4	90.4	83.1	76.7	70.9	65.9	61.6	57.8	54.7	52.2	50.3	48.9	48.1	47.8
6140	981.3	905.4	844.2	786.3	732.2	681.9	634.9	590.9	550	512.1	476.8	443.8	413.1	384.3	357.6	332.6	309.3	287.5	267.2	248.1	230.1	213.4	197.6	182.9	169.2	156.6	146.7	138.7	131.5	124.9	118.8	107.9	98.7	90.7	83.4	76.9	71.2	66.2	61.8	58.1	55	52.5	50.5	49.2	48.3	48.1
6160	981.8	906	844.9	787	733	682.6	635.7	591.7	550.8	512.9	477.6	444.6	413.9	385.1	358.3	333.4	310.1	288.3	267.9	248.8	230.9	214	198.3	183.5	169.8	157.2	147.1	139.1	131.9	125.3	119.1	108.2	99	91	83.7	77.2	71.5	66.4	62.1	58.3	55.2	52.7	50.8	49.4	48.6	48.3
6180	982.4	906.6	845.5	787.7	733.7	683.4	636.4	592.5	551.6	513.7	478.4	445.5	414.7	385.9	359.1	334.2	310.8	289	268.6	249.5	231.6	214.7	198.9	184.2	170.4	157.7	147.6	139.5	132.3	125.6	119.5	108.5	99.3	91.2	84	77.5	71.7	66.7	62.3	58.6	55.5	52.9	51	49.6	48.8	48.5
6200	982.9	907.2	846.2	788.4	734.5	684.2	637.2	593.3	552.5	514.5	479.2	446.3	415.5	386.7	359.9	334.9	311.6	289.8	269.4	250.2	232.3	215.4	199.6	184.8	171.1	158.3	148	139.9	132.7	126	119.8	108.9	99.6	91.5	84.3	77.8	72	66.9	62.6	58.8	55.7	53.2	51.2	49.8	49	48.7
6220	983.5	907.8	846.9	789.1	735.2	685	638	594.1	553.3	515.3	480	447.1	416.3	387.5	360.7	335.7	312.4	290.5	270.1	250.9	233	216.1	200.3	185.5	171.7	158.9	148.5	140.3	133.1	126.4	120.2	109.2	99.9	91.8	84.5	78	72.3	67.2	62.8	59.1	55.9	53.4	51.4	50.1	49.2	49
6240	984.1	908.4	847.5	789.9	735.9	685.7	638.8	594.9	554.1	516.2	480.8	447.9	417.1	388.3	361.5	336.5	313.1	291.3	270.8	251.6	233.7	216.8	201	186.1	172.3	159.5	149	140.6	133.4	126.7	120.5	109.5	100.2	92.1	84.8	78.3	72.5	67.5	63.1	59.3	56.2	53.6	51.7	50.3	49.5	49.2
6260	984.6	909	848.2	790.6	736.7	686.5	639.6	595.7	554.9	517	481.6	448.7	417.9	389.1	362.3	337.2	313.9	292	271.5	252.4	234.4	217.5	201.6	186.8	172.9	160.1	149.4	141	133.8	127.1	120.9	109.8	100.5	92.4	85.1	78.6	72.8	67.7	63.3	59.5	56.4	53.9	51.9	50.5	49.7	49.4
6280	985.2	909.6	848.8	791.3	737.4	687.3	640.4	596.5	555.7	517.8	482.5	449.5	418.7	389.9	363	338	314.6	292.8	272.3	253.1	235.1	218.2	202.3	187.4	173.5	160.7	149.9	141.4	134.2	127.5	121.2	110.1	100.8	92.7	85.4	78.8	73.1	68	63.6	59.8	56.6	54.1	52.1	50.7	49.9	49.6
6300	985.7	910.2	849.5	792	738.2	688	641.2	597.3	556.5	518.6	483.3	450.3	419.5	390.7	363.8	338.8	315.4	293.5	273	253.8	235.8	218.8	203	188.1	174.2	161.3	150.4	141.8	134.6	127.8	121.6	110.5	101.1	92.9	85.6	79.1	73.3	68.2	63.8	60	56.9	54.3	52.4	51	50.1	49.9
6320	986.3	910.8	850.1	792.7	738.9	688.8	641.9	598.1	557.3	519.4	484.1	451.1	420.3	391.5	364.6	339.5	316.1	294.2	273.7	254.5	236.4	219.5	203.6	188.7	174.8	161.9	150.8	142.2	134.9	128.2	121.9	110.8	101.4	93.2	85.9	79.4	73.6	68.5	64.1	60.3	57.1	54.6	52.6	51.2	50.4	50.1
6340	986.8	911.4	850.8	793.4	739.6	689.5	642.7	598.9	558.1	520.2	484.9	451.9	421.1	392.3	365.4	340.3	316.9	295	274.4	255.2	237.1	220.2	204.3	189.3	175.4	162.5	151.3	142.6	135.3	128.6	122.3	111.1	101.7	93.5	86.2	79.7	73.9	68.7	64.3	60.5	57.4	54.8	52.8	51.4	50.6	50.3
6360	987.3	912	851.4	794.1	740.3	690.3	643.5	599.7	558.9	521	485.6	452.7	421.9	393	366.1	341.1	317.6	295.7	275.2	255.9	237.8	220.9	204.9	190	176	163.1	151.8	143.1	135.7	128.9	122.6	111.4	101.9	93.8	86.5	79.9	74.1	69	64.6	60.8	57.6	55	53.1	51.7	50.8	50.5
6380	987.9	912.5	852.1	794.7	741.1	691	644.3	600.5	559.7	521.8	486.4	453.5	422.7	393.8	366.9	341.8	318.4	296.4	275.9	256.6	238.5	221.5	205.6	190.6	176.6	163.7	152.3	143.5	136.1	129.3	123	111.7	102.2	94.1	86.8	80.2	74.4	69.3	64.8	61	57.8	55.3	53.3	51.9	51	50.8
6400	988.4	913.1	852.7	795.4	741.8	691.8	645	601.3	560.5	522.5	487.2	454.3	423.4	394.6	367.7	342.6	319.1	297.2	276.6	257.3	239.2	222.2	206.2	191.3	177.3	164.3	152.8	143.9	136.4	129.6	123.3	112.1	102.5	94.3	87	80.5	74.6	69.5	65.1	61.3	58.1	55.5	53.5	52.1	51.3	51
6420	989	913.7	853.3	796.1	742.5	692.5	645.8	602	561.2	523.3	488	455.1	424.2	395.4	368.4	343.3	319.8	297.9	277.3	258	239.9	222.9	206.9	191.9	177.9	164.9	153.3	144.3	136.8	130	123.7	112.4	102.8	94.6	87.3	80.7	74.9	69.8	65.3	61.5	58.3	55.7	53.8	52.4	51.5	51.2
6440	989.5	914.3	854	796.8	743.2	693.3	646.6	602.8	562	524.1	488.8	455.8	425	396.1	369.2	344.1	320.6	298.6	278	258.7	240.6	223.5	207.6	192.5	178.5	165.4	153.8	144.7	137.2	130.4	124	112.7	103.1	94.9	87.6	81	75.2	70	65.6	61.8	58.6	56	54	52.6	51.7	51.5
6460	990	914.9	854.6	797.5	743.9	694	647.3	603.6	562.8	524.9	489.6	456.6	425.8	396.9	370	344.8	321.3	299.3	278.7	259.4	241.3	224.2	208.2	193.2	179.1	166	154.3	145.1	137.6	130.7	124.4	113	103.3	95.2	87.8	81.3	75.4	70.3	65.8	62	58.8	56.2	54.2	52.8	52	51.7
6480	990.6	915.4	855.2	798.2	744.6	694.7	648.1	604.4	563.6	525.7	490.4	457.4	426.6	397.7	370.7	345.6	322.1	300	279.4	260.1	241.9	224.9	208.9	193.8	179.7	166.6	154.8	145.6	138	131.1	124.7	113.3	103.6	95.4	88.1	81.5	75.7	70.5	66.1	62.2	59.1	56.5	54.5	53	52.2	51.9
6500	991.1	916	855.8	798.8	745.3	695.5	648.8	605.2	564.4	526.5	491.2	458.2	427.3	398.5	371.5	346.3	322.8	300.8	280.1	260.8	242.6	225.5	209.5	194.4	180.3	167.2	155.4	146	138.3	131.5	125.1	113.6	103.9	95.7	88.4	81.8	76	70.8	66.3	62.5	59.3	56.7	54.7	53.3	52.4	52.1
6520	991.6	916.6	856.5	799.5	746	696.2	649.6	605.9	565.1	527.2	491.9	459	428.1	399.2	372.2	347.1	323.5	301.5	280.8	261.5	243.3	226.2	210.2	195.1	181	167.8	155.9	146.4	138.7	131.8	125.4	113.9	104.2	96	88.7	82.1	76.2	71.1	66.6	62.7	59.5	56.9	54.9	53.5	52.7	52.4
6540	992.1	917.1	857.1	800.2	746.8	696.9	650.3	606.7	565.9	528	492.7	459.7	428.9	400	373	347.8	324.2	302.2	281.5	262.2	244	226.9	210.8	195.7	181.6	168.4	156.4	146.8	139.1	132.2	125.7	114.3	104.5	96.3	88.9	82.3	76.5	71.3	66.8	63	59.8	57.2	55.2	53.7	52.9	52.6
6560	992.7	917.7	857.7	800.9	747.5	697.6	651.1	607.5	566.7	528.8	493.5	460.5	429.6	400.7	373.7	348.5	325	302.9	282.2	262.8	244.6	227.5	211.5	196.3	182.2	169	156.9	147.2	139.5	132.5	126.1	114.6	104.8	96.6	89.2	82.6	76.7	71.6	67.1	63.2	60	57.4	55.4	54	53.1	52.8
6580	993.2	918.3	858.3	801.5	748.2	698.4	651.8	608.2	567.5	529.6	494.2	461.3	430.4	401.5	374.5	349.3	325.7	303.6	282.9	263.5	245.3	228.2	212.1	197	182.8	169.6	157.4	147.7	139.8	132.9	126.4	114.9	105.1	96.9	89.5	82.9	77	71.8	67.3	63.5	60.3	57.6	55.6	54.2	53.4	53.1
6600	993.7	918.8	858.9	802.2	748.8	699.1	652.6	609	568.2	530.3	495	462	431.2	402.3	375.2	350	326.4	304.3	283.6	264.2	246	228.9	212.8	197.6	183.4	170.2	158	148.1	140.2	133.3	126.8	115.2	105.4	97.1	89.8	83.1	77.3	72.1	67.6	63.7	60.5	57.9	55.9	54.4	53.6	53.3
6620	994.2	919.4	859.6	802.9	749.5	699.8	653.3	609.7	569	531.1	495.8	462.8	431.9	403	376	350.7	327.1	305.1	284.3	264.9	246.7	229.5	213.4	198.3	184	170.8	158.5	148.5	140.6	133.6	127.1	115.6	105.7	97.4	90	83.4	77.5	72.3	67.8	64	60.7	58.1	56.1	54.7	53.8	53.5
6640	994.7	919.9	860.2	803.5	750.2	700.5	654.1	610.5	569.7	531.9	496.5	463.6	432.7	403.8	376.7	351.5	327.9	305.8	285	265.6	247.3	230.2	214	198.9	184.7	171.4	159.1	149	140.9	134	127.5	115.9	106	97.7	90.3	83.7	77.8	72.6	68.1	64.2	61	58.4	56.3	54.9	54	53.8
6660	995.3	920.5	860.8	804.2	750.9	701.2	654.8	611.2	570.5	532.6	497.3	464.3	433.4	404.5	377.5	352.2	328.6	306.5	285.7	266.3	248	230.8	214.7	199.5	185.3	172	159.6	149.4	141.3	134.3	127.8	116.2	106.3	98	90.6	83.9	78	72.9	68.3	64.5	61.2	58.6	56.6	55.1	54.3	54
6680	995.8	921	861.4	804.8	751.6	702	655.5	612	571.3	533.4	498.1	465.1	434.2	405.3	378.2	352.9	329.3	307.2	286.4	267	248.7	231.5	215.3	200.1	185.9	172.6	160.2	149.9	141.7	134.7	128.2	116.5	106.6	98.3	90.9	84.2	78.3	73.1	68.6	64.7	61.5	58.8	56.8	55.4	54.5	54.2
6700	996.3	921.6	862	805.5	752.3	702.7	656.2	612.7	572	534.1	498.8	465.8	435	406	378.9	353.7	330	307.9	287.1	267.6	249.3	232.1	216	200.8	186.5	173.1	160.8	150.3	142.1	135	128.5	116.9	106.9	98.5	91.1	84.5	78.6	73.4	68.8	65	61.7	59.1	57.1	55.6	54.7	54.5
6720	996.8	922.1	862.6	806.1	753	703.4	657	613.5	572.8	534.9	499.6	466.6	435.7	406.8	379.7	354.4	330.7	308.6	287.8	268.3	250	232.8	216.6	201.4	187.1	173.7	161.3	150.8	142.5	135.4	128.9	117.2	107.2	98.8	91.4	84.8	78.8	73.6	69.1	65.2	62	59.3	57.3	55.8	55	54.7
6740	997.3	922.7	863.2	806.8	753.7	704.1	657.7	614.2	573.5	535.6	500.3	467.3	436.5	407.5	380.4	355.1	331.4	309.3	288.5	269	250.7	233.4	217.2	202	187.7	174.3	161.9	151.2	142.8	135.8	129.2	117.5	107.5	99	91.7	85	79.1	73.9	69.3	65.5	62.2	59.6	57.5	56.1	55.2	54.9
6760	997.8	923.2	863.8	807.4	754.3	704.8	658.4	615	574.3	536.4	501.1	468.1	437.2	408.3	381.1	355.8	332.2	310	289.2	269.7	251.3	234.1	217.9	202.6	188.3	174.9	162.5	151.7	143.2	136.1	129.6	117.8	107.8	99.3	91.9	85.3	79.4	74.1	69.6	65.7	62.4	59.8	57.8	56.3	55.5	55.2
6780	998.3	923.8	864.4	808.1	755	705.5	659.1	615.7	575	537.1	501.8	468.8	437.9	409	381.9	356.5	332.9	310.7	289.9	270.3	252	234.7	218.5	203.2	188.9	175.5	163	152.1	143.6	136.5	129.9	118.1	108.1	99.6	92.2	85.5	79.6	74.4	69.8	65.9	62.7	60	58	56.6	55.7	55.4
6800	998.8	924.3	865	808.7	755.7	706.2	659.9	616.4	575.8	537.9	502.6	469.6	438.7	409.7	382.6	357.3	333.6	311.4	290.5	271	252.6	235.4	219.1	203.9	189.5	176.1	163.6	152.6	144	136.8	130.2	118.5	108.4	99.9	92.5	85.8	79.9	74.6	70.1	66.2	62.9	60.3	58.2	56.8	55.9	55.6
6820	999.3	924.8	865.6	809.4	756.4	706.9	660.6	617.2	576.5	538.6	503.3	470.3	439.4	410.5	383.3	358	334.3	312.1	291.2	271.7	253.3	236	219.8	204.5	190.1	176.6	164.1	153.1	144.4	137.2	130.6	118.8	108.7	100.1	92.7	86.1	80.1	74.9	70.3	66.4	63.2	60.5	58.5	57	56.2	55.9
6840	999.8	925.4	866.2	810	757	707.6	661.3	617.9	577.2	539.4	504.1	471.1	440.2	411.2	384.1	358.7	335	312.8	291.9	272.3	254	236.7	220.4	205.1	190.7	177.2	164.7	153.6	144.8	137.5	130.9	119.1	109	100.4	93	86.3	80.4	75.2	70.6	66.7	63.4	60.8	58.7	57.3	56.4	56.1
6860	1000.3	925.9	866.8	810.7	757.7	708.3	662	618.6	578	540.1	504.8	471.8	440.9	411.9	384.8	359.4	335.7	313.4	292.6	273	254.6	237.3	221	205.7	191.3	177.8	165.3	154	145.2	137.9	131.3	119.4	109.3	100.7	93.3	86.6	80.7	75.4	70.9	66.9	63.7	61	59	57.5	56.6	56.3
6880	1000.8	926.5	867.4	811.3	758.4	709	662.7	619.4	578.7	540.9	505.5	472.5	441.6	412.7	385.5	360.1	336.4	314.1	293.3	273.7	255.3	237.9	221.7	206.3	191.9	178.4	165.8	154.5	145.6	138.3	131.6	119.7	109.6	101	93.5	86.9	80.9	75.7	71.1	67.2	63.9	61.2	59.2	57.7	56.9	56.6
6900	1001.3	927	867.9	811.9	759	709.6	663.4	620.1	579.5	541.6	506.3	473.3	442.4	413.4	386.2	360.8	337.1	314.8	293.9	274.3	255.9	238.6	222.3	206.9	192.5	179	166.4	155	146	138.6	132	120	109.9	101.3	93.8	87.1	81.2	75.9	71.4	67.4	64.2	61.5	59.4	58	57.1	56.8
6920	1001.8	927.5	868.5	812.5	759.7	710.3	664.1	620.8	580.2	542.3	507	474	443.1	414.1	386.9	361.5	337.8	315.5	294.6	275	256.6	239.2	222.9	207.5	193.1	179.5	166.9	155.5	146.4	139	132.3	120.4	110.2	101.5	94.1	87.4	81.4	76.2	71.6	67.7	64.4	61.7	59.7	58.2	57.3	57
6940	1002.3	928	869.1	813.2	760.3	711	664.8	621.5	580.9	543.1	507.8	474.7	443.8	414.9	387.7	362.3	338.5	316.2	295.3	275.7	257.2	239.9	223.5	208.2	193.7	180.1	167.5	156	146.8	139.3	132.7	120.7	110.5	101.8	94.3	87.7	81.7	76.4	71.9	67.9	64.6	62	59.9	58.4	57.6	57.3
6960	1002.8	928.6	869.7	813.8	761	711.7	665.5	622.3	581.6	543.8	508.5	475.5	444.6	415.6	388.4	363	339.2	316.9	296	276.3	257.9	240.5	224.1	208.8	194.3	180.7	168.1	156.5	147.2	139.7	133	121	110.7	102	94.6	87.9	82	76.7	72.1	68.2	64.9	62.2	60.2	58.7	57.8	57.5
6980	1003.3	929.1	870.3	814.4	761.7	712.4	666.2	623	582.4	544.5	509.2	476.2	445.3	416.3	389.1	363.7	339.9	317.6	296.6	277	258.5	241.1	224.8	209.4	194.9	181.3	168.6	157	147.6	140	133.4	121.3	111	102.3	94.8	88.2	82.2	76.9	72.4	68.4	65.1	62.5	60.4	58.9	58	57.8
7000	1003.8	929.6	870.8	815	762.3	713.1	666.9	623.7	583.1	545.2	509.9	476.9	446	417	389.8	364.4	340.6	318.2	297.3	277.6	259.1	241.8	225.4	210	195.5	181.9	169.2	157.5	148	140.4	133.7	121.7	111.3	102.5	95.1	88.4	82.5	77.2	72.6	68.7	65.4	62.7	60.6	59.2	58.3	58
7020	1004.2	930.1	871.4	815.7	763	713.7	667.6	624.4	583.8	546	510.7	477.7	446.7	417.7	390.5	365.1	341.2	318.9	298	278.3	259.8	242.4	226	210.6	196.1	182.5	169.8	158	148.4	140.8	134	122	111.6	102.8	95.3	88.7	82.7	77.5	72.9	68.9	65.6	62.9	60.9	59.4	58.5	58.2
7040	1004.7	930.7	872	816.3	763.6	714.4	668.3	625.1	584.5	546.7	511.4	478.4	447.5	418.5	391.2	365.8	341.9	319.6	298.6	278.9	260.4	243	226.6	211.2	196.7	183	170.3	158.5	148.8	141.1	134.4	122.3	111.9	103.1	95.6	88.9	83	77.7	73.1	69.2	65.9	63.2	61.1	59.6	58.8	58.5
7060	1005.2	931.2	872.6	816.9	764.3	715.1	669	625.8	585.3	547.4	512.1	479.1	448.2	419.2	391.9	366.5	342.6	320.3	299.3	279.6	261.1	243.7	227.2	211.8	197.3	183.6	170.9	159	149.3	141.5	134.7	122.6	112.2	103.3	95.9	89.2	83.2	78	73.4	69.4	66.1	63.4	61.3	59.9	59	58.7
7080	1005.7	931.7	873.1	817.5	764.9	715.7	669.7	626.5	586	548.1	512.8	479.8	448.9	419.9	392.6	367.2	343.3	320.9	300	280.3	261.7	244.3	227.9	212.4	197.9	184.2	171.4	159.5	149.7	141.8	135.1	122.9	112.5	103.6	96.1	89.5	83.5	78.2	73.6	69.7	66.4	63.7	61.6	60.1	59.2	58.9
7100	1006.2	932.2	873.7	818.1	765.6	716.4	670.4	627.2	586.7	548.8	513.5	480.5	449.6	420.6	393.3	367.8	344	321.6	300.6	280.9	262.4	244.9	228.5	213	198.4	184.8	172	160.1	150.1	142.2	135.4	123.2	112.8	103.9	96.4	89.7	83.7	78.5	73.9	69.9	66.6	63.9	61.8	60.4	59.5	59.2
7120	1006.6	932.7	874.2	818.7	766.2	717.1	671.1	627.9	587.4	549.6	514.3	481.3	450.3	421.3	394	368.5	344.7	322.3	301.3	281.6	263	245.5	229.1	213.6	199	185.3	172.5	160.6	150.5	142.6	135.7	123.6	113.1	104.2	96.7	90	84	78.7	74.1	70.2	66.8	64.2	62.1	60.6	59.7	59.4
7140	1007.1	933.2	874.8	819.3	766.8	717.7	671.8	628.6	588.1	550.3	515	482	451	422	394.7	369.2	345.3	323	301.9	282.2	263.6	246.2	229.7	214.2	199.6	185.9	173.1	161.2	151	142.9	136.1	123.9	113.4	104.5	96.9	90.2	84.3	79	74.4	70.4	67.1	64.4	62.3	60.8	59.9	59.6
7160	1007.6	933.7	875.4	819.9	767.5	718.4	672.5	629.3	588.8	551	515.7	482.7	451.7	422.7	395.4	369.9	346	323.6	302.6	282.9	264.3	246.8	230.3	214.8	200.2	186.5	173.6	161.7	151.4	143.3	136.4	124.2	113.7	104.7	97.2	90.5	84.5	79.2	74.6	70.7	67.3	64.6	62.6	61.1	60.2	59.9
7180	1008.1	934.2	875.9	820.5	768.1	719.1	673.1	630	589.5	551.7	516.4	483.4	452.4	423.4	396.1	370.6	346.7	324.3	303.3	283.5	264.9	247.4	230.9	215.4	200.8	187	174.2	162.2	151.8	143.6	136.8	124.5	114	105	97.5	90.8	84.8	79.5	74.9	70.9	67.6	64.9	62.8	61.3	60.4	60.1
7200	1008.5	934.8	876.5	821.1	768.8	719.7	673.8	630.7	590.2	552.4	517.1	484.1	453.2	424.1	396.8	371.3	347.4	325	303.9	284.1	265.5	248	231.5	216	201.4	187.6	174.7	162.8	152.3	144	137.1	124.8	114.3	105.3	97.7	91	85	79.7	75.1	71.1	67.8	65.1	63	61.5	60.7	60.4
