60	63	41.6	30.2	24.5	21.9	20.7	20.3	20.1	20	20	20	20	20	20	20	20	20	20	20	20	20	20	20	20	20	20	20	20	20	20	20	20	20	20	20	20	20	20	20	20	20	20	20	20	20	20
120	109.2	74.6	52.4	38.6	30.2	25.4	22.8	21.4	20.6	20.3	20.1	20.1	20	20	20	20	20	20	20	20	20	20	20	20	20	20	20	20	20	20	20	20	20	20	20	20	20	20	20	20	20	20	20	20	20	20
180	146.1	102.9	75.6	56.2	42.9	34.1	28.4	24.9	22.7	21.5	20.8	20.4	20.2	20.1	20	20	20	20	20	20	20	20	20	20	20	20	20	20	20	20	20	20	20	20	20	20	20	20	20	20	20	20	20	20	20	20
240	190.8	128.5	95.7	73.2	56.6	44.5	36.1	30.3	26.4	23.9	22.3	21.3	20.8	20.4	20.2	20.1	20.1	20	20	20	20	20	20	20	20	20	20	20	20	20	20	20	20	20	20	20	20	20	20	20	20	20	20	20	20	20
300	242.1	156.6	114.8	89.1	70	55.5	44.7	36.9	31.3	27.4	24.8	23	21.8	21.1	20.7	20.4	20.2	20.1	20.1	20	20	20	20	20	20	20	20	20	20	20	20	20	20	20	20	20	20	20	20	20	20	20	20	20	20	20
360	285.7	192	135	104.4	83	66.4	53.8	44.2	37	31.8	28	25.3	23.5	22.3	21.4	20.9	20.5	20.3	20.2	20.1	20.1	20	20	20	20	20	20	20	20	20	20	20	20	20	20	20	20	20	20	20	20	20	20	20	20	20
420	328.9	228.4	156.6	119.4	95.6	77.3	62.9	51.7	43.2	36.7	31.8	28.2	25.7	23.8	22.6	21.7	21.1	20.7	20.4	20.3	20.2	20.1	20.1	20	20	20	20	20	20	20	20	20	20	20	20	20	20	20	20	20	20	20	20	20	20	20
480	367.5	260.8	183.3	135.1	107.2	87.5	71.9	59.5	49.6	42	36.1	31.6	28.3	25.8	24	22.8	21.9	21.2	20.8	20.5	20.3	20.2	20.1	20.1	20	20	20	20	20	20	20	20	20	20	20	20	20	20	20	20	20	20	20	20	20	20
540	403.3	291.9	211.2	151.1	119.6	97.7	80.9	67.2	56.2	47.5	40.7	35.3	31.3	28.2	25.8	24.1	22.9	22	21.3	20.9	20.6	20.4	20.3	20.2	20.1	20.1	20	20	20	20	20	20	20	20	20	20	20	20	20	20	20	20	20	20	20	20
600	436.2	320.8	235.8	171.3	131.7	107.2	89.3	74.7	62.8	53.2	45.4	39.3	34.5	30.8	27.9	25.8	24.1	22.9	22.1	21.4	21	20.7	20.4	20.3	20.2	20.1	20.1	20.1	20	20	20	20	20	20	20	20	20	20	20	20	20	20	20	20	20	20
660	465.9	347.4	259.5	192.3	144.3	117.5	97.7	82.2	69.4	58.9	50.4	43.5	38	33.7	30.3	27.6	25.6	24.1	22.9	22.1	21.5	21	20.7	20.5	20.3	20.2	20.1	20.1	20.1	20	20	20	20	20	20	20	20	20	20	20	20	20	20	20	20	20
720	493.2	372.5	282.2	212.7	158.5	127.1	105.7	89.4	75.9	64.6	55.4	47.8	41.6	36.7	32.8	29.7	27.3	25.4	24	22.9	22.1	21.5	21.1	20.7	20.5	20.4	20.2	20.2	20.1	20.1	20	20	20	20	20	20	20	20	20	20	20	20	20	20	20	20
780	517.9	395.7	303.1	231.2	174.6	137.1	113.9	96.5	82.2	70.3	60.3	52.1	45.4	39.9	35.5	31.9	29.1	26.9	25.2	23.9	22.8	22.1	21.5	21.1	20.8	20.5	20.4	20.3	20.2	20.1	20.1	20	20	20	20	20	20	20	20	20	20	20	20	20	20	20
840	540.4	417.1	322.8	249.2	191.1	147.3	122.2	103.3	88.4	75.8	65.3	56.5	49.2	43.2	38.3	34.3	31.1	28.5	26.5	24.9	23.7	22.8	22	21.5	21.1	20.8	20.6	20.4	20.3	20.2	20.1	20.1	20	20	20	20	20	20	20	20	20	20	20	20	20	20
900	561.1	437	341.6	266.6	206.8	158.9	130.1	109.9	94.3	81.3	70.2	60.9	53.1	46.6	41.2	36.8	33.2	30.3	28	26.1	24.7	23.5	22.7	22	21.5	21.1	20.8	20.6	20.4	20.3	20.2	20.1	20	20	20	20	20	20	20	20	20	20	20	20	20	20
960	580.1	455.6	359.2	282.8	221.4	171.9	138.2	116.7	100.1	86.6	75.1	65.3	57	50	44.2	39.4	35.4	32.2	29.6	27.4	25.8	24.4	23.4	22.5	21.9	21.4	21	20.8	20.6	20.4	20.3	20.1	20.1	20	20	20	20	20	20	20	20	20	20	20	20	20
1020	597.5	472.8	375.6	298.1	235.6	184.9	146.6	123.6	105.8	91.7	79.8	69.6	60.9	53.5	47.3	42.1	37.7	34.2	31.2	28.9	26.9	25.4	24.2	23.2	22.4	21.8	21.4	21	20.8	20.5	20.4	20.2	20.1	20	20	20	20	20	20	20	20	20	20	20	20	20
1080	613.6	488.8	391.2	312.8	249.5	197.7	155.6	130.2	111.6	97	84.5	73.9	64.7	57	50.4	44.8	40.1	36.2	33	30.4	28.2	26.4	25	23.9	23	22.3	21.7	21.3	21	20.7	20.5	20.3	20.1	20.1	20	20	20	20	20	20	20	20	20	20	20	20
1140	628.5	503.8	406	326.8	262.4	209.5	166.1	136.8	117.3	101.8	89.1	78.1	68.6	60.4	53.5	47.5	42.5	38.3	34.8	31.9	29.5	27.6	26	24.7	23.7	22.8	22.2	21.7	21.3	20.9	20.7	20.4	20.2	20.1	20.1	20	20	20	20	20	20	20	20	20	20	20
1200	642.2	517.9	420	340.1	274.9	221.1	176.5	143.7	123.1	106.6	93.4	82.1	72.3	63.9	56.6	50.3	45	40.5	36.7	33.6	31	28.8	27	25.5	24.4	23.4	22.7	22	21.6	21.2	20.9	20.5	20.3	20.1	20.1	20	20	20	20	20	20	20	20	20	20	20
1260	655	531.1	433.1	352.7	286.8	232.3	187.1	150.8	128.7	111.6	97.8	86.2	76.1	67.3	59.7	53.1	47.5	42.7	38.7	35.3	32.4	30.1	28.1	26.5	25.1	24.1	23.2	22.5	21.9	21.5	21.1	20.7	20.4	20.2	20.1	20.1	20	20	20	20	20	20	20	20	20	20
1320	667	543.6	445.6	364.9	298.4	243.3	197.1	158.7	134.3	116.4	102.1	90.2	79.7	70.7	62.8	55.9	50	45	40.7	37	34	31.4	29.2	27.4	26	24.8	23.8	23	22.3	21.8	21.4	20.8	20.5	20.3	20.1	20.1	20	20	20	20	20	20	20	20	20	20
1380	678.3	555.3	457.5	376.5	309.4	253.6	206.7	167.5	139.8	121.3	106.2	94	83.3	74	65.8	58.7	52.6	47.3	42.7	38.8	35.5	32.8	30.4	28.5	26.8	25.5	24.4	23.5	22.8	22.2	21.7	21	20.6	20.3	20.2	20.1	20.1	20	20	20	20	20	20	20	20	20
1440	689	566.5	468.8	387.5	320	263.6	216.1	176.1	145.6	126.2	110.5	97.8	86.9	77.3	68.8	61.5	55.1	49.5	44.8	40.7	37.2	34.2	31.7	29.5	27.8	26.3	25.1	24.1	23.2	22.6	22	21.2	20.7	20.4	20.2	20.1	20.1	20	20	20	20	20	20	20	20	20
1500	699	577	479.5	398.2	330.2	273.3	225.3	184.8	151.7	131	114.7	101.5	90.3	80.5	71.9	64.3	57.6	51.8	46.8	42.5	38.8	35.6	32.9	30.7	28.7	27.1	25.8	24.7	23.8	23	22.4	21.5	20.9	20.5	20.3	20.2	20.1	20.1	20	20	20	20	20	20	20	20
1560	708.4	587.1	489.8	408.4	340.1	282.8	234.3	193.1	158.3	135.7	118.9	105.1	93.7	83.7	74.8	67	60.1	54.1	48.9	44.4	40.5	37.1	34.3	31.8	29.7	28	26.5	25.3	24.3	23.5	22.8	21.8	21.1	20.7	20.4	20.2	20.1	20.1	20	20	20	20	20	20	20	20
1620	717.3	596.7	499.6	418.2	349.5	291.8	242.8	201	165.7	140.3	123.1	108.8	97.1	86.8	77.7	69.7	62.6	56.4	51	46.3	42.2	38.7	35.6	33	30.8	28.9	27.3	26	24.9	24	23.2	22	21.3	20.8	20.5	20.3	20.2	20.1	20.1	20	20	20	20	20	20	20
1680	725.8	605.9	509	427.6	358.7	300.6	251.1	208.9	172.8	145.2	127.3	112.5	100.3	89.9	80.6	72.4	65.1	58.7	53.1	48.2	43.9	40.2	37	34.2	31.9	29.9	28.2	26.7	25.5	24.5	23.6	22.4	21.5	20.9	20.6	20.3	20.2	20.1	20.1	20	20	20	20	20	20	20
1740	734	614.6	518	436.7	367.5	309.1	259.2	216.6	180.1	150.4	131.4	116.2	103.5	92.9	83.5	75.1	67.6	61	55.2	50.1	45.7	41.8	38.4	35.5	33	30.9	29	27.5	26.2	25.1	24.1	22.7	21.8	21.1	20.7	20.4	20.3	20.1	20.1	20	20	20	20	20	20	20
1800	741.7	623	526.7	445.4	376.1	317.3	267.2	224.2	187.2	155.7	135.4	119.8	106.7	95.8	86.2	77.7	70	63.3	57.3	52	47.4	43.4	39.8	36.8	34.1	31.9	29.9	28.3	26.8	25.6	24.6	23.1	22	21.3	20.8	20.5	20.3	20.2	20.1	20.1	20	20	20	20	20	20
1860	749.1	631	535	453.8	384.4	325.3	274.8	231.4	193.9	161.8	139.4	123.4	110	98.7	89	80.3	72.5	65.5	59.4	54	49.2	45	41.3	38.1	35.3	32.9	30.8	29.1	27.6	26.3	25.2	23.5	22.3	21.5	21	20.6	20.4	20.2	20.1	20.1	20	20	20	20	20	20
1920	756.2	638.6	543.1	461.9	392.4	333.1	282.3	238.5	200.6	168	143.5	127	113.2	101.6	91.7	82.8	74.9	67.8	61.5	55.9	50.9	46.6	42.8	39.4	36.5	34	31.8	29.9	28.3	26.9	25.7	23.9	22.6	21.7	21.1	20.7	20.4	20.3	20.2	20.1	20.1	20	20	20	20	20
1980	763	646	550.8	469.8	400.2	340.6	289.5	245.4	207.2	174.1	147.9	130.6	116.4	104.4	94.3	85.3	77.2	70	63.5	57.8	52.7	48.2	44.2	40.7	37.7	35.1	32.8	30.8	29.1	27.6	26.3	24.4	22.9	22	21.3	20.8	20.5	20.3	20.2	20.1	20.1	20	20	20	20	20
2040	769.5	653.1	558.3	477.3	407.8	347.9	296.6	252.2	213.7	180.3	152.3	134.1	119.6	107.3	97	87.8	79.6	72.2	65.6	59.7	54.5	49.8	45.7	42.1	38.9	36.2	33.7	31.7	29.8	28.3	26.9	24.8	23.3	22.2	21.5	21	20.6	20.4	20.2	20.1	20.1	20.1	20	20	20	20
2100	775.8	659.9	565.5	484.7	415.1	355.1	303.5	258.8	220	186.2	157.1	137.6	122.8	110.1	99.5	90.2	81.9	74.4	67.6	61.6	56.2	51.4	47.2	43.5	40.2	37.3	34.8	32.6	30.6	29	27.6	25.3	23.7	22.5	21.7	21.1	20.7	20.5	20.3	20.2	20.1	20.1	20	20	20	20
2160	781.8	666.5	572.5	491.8	422.2	362.1	310.2	265.3	226.1	191.9	162.4	141.1	125.9	113	102.1	92.7	84.2	76.5	69.6	63.5	58	53.1	48.7	44.8	41.4	38.4	35.8	33.5	31.5	29.7	28.2	25.8	24	22.8	21.9	21.3	20.8	20.5	20.3	20.2	20.1	20.1	20	20	20	20
2220	787.6	672.8	579.2	498.7	429.1	368.8	316.8	271.6	232.1	197.7	167.7	144.6	129	115.8	104.5	95	86.4	78.6	71.7	65.4	59.7	54.7	50.2	46.2	42.7	39.6	36.8	34.4	32.3	30.5	28.9	26.3	24.5	23.1	22.1	21.4	20.9	20.6	20.4	20.2	20.2	20.1	20.1	20	20	20
2280	793.3	678.9	585.8	505.3	435.8	375.4	323.2	277.7	238	203.3	172.9	148.5	132.1	118.6	107.1	97.4	88.6	80.8	73.6	67.2	61.5	56.3	51.7	47.6	44	40.7	37.9	35.4	33.2	31.3	29.6	26.9	24.9	23.4	22.3	21.6	21.1	20.7	20.5	20.3	20.2	20.1	20.1	20	20	20
2340	798.7	684.8	592.1	511.8	442.3	381.8	329.4	283.7	243.8	208.8	178.1	152.4	135.3	121.5	109.6	99.6	90.8	82.8	75.6	69.1	63.2	57.9	53.2	49	45.2	41.9	39	36.3	34.1	32.1	30.3	27.4	25.3	23.7	22.6	21.8	21.2	20.8	20.5	20.3	20.2	20.1	20.1	20.1	20	20
2400	804	690.5	598.3	518.1	448.7	388.1	335.5	289.6	249.5	214.3	183.3	156.5	138.3	124.3	112.2	102	93	84.9	77.6	70.9	64.9	59.5	54.7	50.4	46.5	43.1	40	37.3	35	32.9	31	28	25.8	24.1	22.9	22	21.3	20.9	20.6	20.4	20.3	20.2	20.1	20.1	20.1	20
2460	809.1	696.1	604.3	524.3	454.9	394.3	341.5	295.4	255.1	219.5	188.3	161	141.3	127	114.7	104.1	95.1	86.9	79.5	72.7	66.6	61.2	56.2	51.8	47.8	44.3	41.1	38.3	35.9	33.7	31.8	28.6	26.2	24.5	23.1	22.2	21.5	21	20.7	20.5	20.3	20.2	20.1	20.1	20.1	20.1
2520	814	701.5	610.1	530.2	460.9	400.3	347.3	301.1	260.5	224.7	193.2	165.6	144.4	129.8	117.2	106.4	97.2	88.9	81.4	74.5	68.3	62.8	57.7	53.2	49.1	45.5	42.2	39.3	36.8	34.5	32.5	29.2	26.7	24.8	23.4	22.4	21.7	21.1	20.8	20.5	20.3	20.2	20.1	20.1	20.1	20.1
2580	818.8	706.7	615.7	536	466.8	406.1	353	306.6	265.8	229.9	198.1	170.1	147.8	132.5	119.7	108.7	99.2	90.9	83.3	76.3	70	64.3	59.2	54.6	50.4	46.7	43.3	40.3	37.7	35.4	33.3	29.9	27.2	25.2	23.7	22.6	21.8	21.3	20.9	20.6	20.4	20.3	20.2	20.1	20.1	20.1
2640	823.4	711.7	621.2	541.7	472.5	411.8	358.6	312	271	234.9	202.9	174.7	151.1	135.3	122.2	111	101.3	92.9	85.1	78.1	71.7	65.9	60.7	56	51.7	47.9	44.4	41.4	38.6	36.2	34.1	30.5	27.7	25.6	24.1	22.9	22	21.4	21	20.7	20.4	20.3	20.2	20.1	20.1	20.1
2700	827.9	716.7	626.5	547.2	478.1	417.4	364	317.3	276.2	239.8	207.7	179.2	154.6	138	124.7	113.2	103.3	94.7	87	79.9	73.4	67.5	62.2	57.3	53	49.1	45.6	42.4	39.6	37.1	34.9	31.1	28.3	26.1	24.4	23.2	22.2	21.6	21.1	20.7	20.5	20.3	20.2	20.2	20.1	20.1
2760	832.3	721.5	631.7	552.6	483.6	422.9	369.4	322.5	281.2	244.7	212.3	183.6	158.4	140.6	127.2	115.5	105.4	96.7	88.8	81.6	75	69.1	63.6	58.7	54.3	50.3	46.7	43.4	40.5	38	35.7	31.8	28.8	26.5	24.7	23.4	22.4	21.7	21.2	20.8	20.6	20.4	20.3	20.2	20.1	20.1
2820	836.6	726.2	636.8	557.9	488.9	428.2	374.7	327.7	286.2	249.5	216.9	187.9	162.4	143.3	129.6	117.7	107.5	98.6	90.6	83.3	76.7	70.6	65.1	60.1	55.6	51.5	47.8	44.5	41.5	38.8	36.5	32.5	29.4	26.9	25.1	23.7	22.7	21.9	21.3	20.9	20.6	20.4	20.3	20.2	20.2	20.2
2880	840.7	730.7	641.8	563.1	494.1	433.4	379.8	332.7	291.1	254.2	221.4	192.2	166.4	146.1	132	120	109.5	100.4	92.4	85	78.3	72.2	66.6	61.5	56.9	52.7	48.9	45.5	42.5	39.7	37.3	33.2	29.9	27.4	25.5	24	22.9	22.1	21.5	21	20.7	20.5	20.3	20.2	20.2	20.2
2940	844.8	735.2	646.6	568.1	499.2	438.6	384.9	337.6	295.8	258.8	225.8	196.4	170.4	149.1	134.5	122.2	111.5	102.3	94.1	86.7	79.9	73.7	68	62.8	58.2	53.9	50	46.6	43.4	40.6	38.1	33.9	30.5	27.9	25.8	24.3	23.1	22.2	21.6	21.1	20.8	20.5	20.4	20.3	20.2	20.2
3000	848.7	739.6	651.3	573	504.2	443.6	389.8	342.4	300.5	263.3	230.2	200.6	174.3	152.1	136.9	124.4	113.5	104.1	95.9	88.4	81.5	75.2	69.5	64.2	59.4	55.1	51.2	47.6	44.4	41.5	39	34.6	31.1	28.4	26.2	24.6	23.4	22.4	21.7	21.2	20.9	20.6	20.4	20.3	20.3	20.2
3060	852.6	743.8	655.9	577.9	509.1	448.5	394.7	347.2	305.1	267.8	234.5	204.8	178.4	155.2	139.3	126.6	115.6	106	97.6	90	83.1	76.7	70.9	65.6	60.7	56.3	52.3	48.7	45.4	42.4	39.8	35.3	31.7	28.8	26.6	24.9	23.6	22.6	21.9	21.3	21	20.7	20.5	20.4	20.3	20.3
3120	856.3	748	660.4	582.6	513.9	453.3	399.5	351.8	309.7	272.2	238.8	208.9	182.2	158.6	141.6	128.8	117.6	107.8	99.3	91.7	84.7	78.2	72.3	66.9	62	57.5	53.4	49.7	46.4	43.4	40.6	36	32.3	29.3	27	25.2	23.9	22.8	22	21.5	21.1	20.8	20.5	20.4	20.3	20.3
3180	860	752	664.8	587.2	518.6	458	404.2	356.4	314.2	276.5	242.9	212.9	186	162.2	144	131	119.6	109.7	101	93.3	86.2	79.7	73.7	68.3	63.3	58.7	54.6	50.8	47.4	44.3	41.5	36.7	32.9	29.8	27.5	25.6	24.1	23	22.2	21.6	21.2	20.8	20.6	20.5	20.4	20.4
3240	863.6	756	669.1	591.7	523.2	462.6	408.8	361	318.5	280.8	247	216.8	189.7	165.7	146.6	133.1	121.6	111.5	102.6	94.9	87.7	81.2	75.1	69.6	64.5	59.9	55.7	51.8	48.4	45.2	42.3	37.5	33.5	30.4	27.9	25.9	24.4	23.3	22.4	21.7	21.3	20.9	20.7	20.5	20.4	20.4
3300	867.1	759.8	673.3	596.2	527.7	467.2	413.3	365.4	322.9	285	251.1	220.7	193.5	169.2	149.2	135.3	123.6	113.3	104.3	96.4	89.2	82.6	76.5	70.9	65.8	61.1	56.8	52.9	49.3	46.1	43.2	38.2	34.1	30.9	28.3	26.3	24.7	23.5	22.6	21.9	21.4	21	20.7	20.6	20.5	20.4
3360	870.5	763.6	677.4	600.5	532.2	471.7	417.8	369.8	327.1	289.1	255.1	224.6	197.2	172.7	151.9	137.5	125.6	115.2	106	98.1	90.8	84.1	77.9	72.2	67	62.3	57.9	53.9	50.3	47	44.1	38.9	34.8	31.4	28.8	26.6	25	23.7	22.8	22	21.5	21.1	20.8	20.6	20.5	20.5
3420	873.9	767.3	681.5	604.8	536.5	476	422.2	374.1	331.3	293.2	259	228.4	200.8	176.2	154.7	139.6	127.6	117	107.7	99.6	92.3	85.5	79.3	73.5	68.3	63.5	59	55	51.3	48	44.9	39.7	35.4	32	29.2	27	25.3	24	23	22.2	21.6	21.2	20.9	20.7	20.6	20.6
3480	877.2	770.9	685.4	609	540.8	480.3	426.4	378.3	335.4	297.2	262.9	232.2	204.5	179.7	157.6	141.7	129.6	118.8	109.4	101.1	93.7	86.9	80.6	74.8	69.5	64.6	60.2	56.1	52.3	48.9	45.8	40.4	36.1	32.5	29.7	27.4	25.6	24.2	23.2	22.3	21.7	21.3	21	20.8	20.7	20.6
3540	880.4	774.4	689.3	613.1	544.9	484.5	430.7	382.5	339.5	301.2	266.8	235.9	208	183	160.7	143.9	131.5	120.7	111.1	102.6	95.2	88.3	82	76.1	70.8	65.8	61.3	57.1	53.3	49.8	46.7	41.2	36.7	33.1	30.1	27.8	25.9	24.5	23.4	22.5	21.9	21.4	21.1	20.8	20.7	20.7
3600	883.6	777.9	693.1	617.1	549.1	488.7	434.8	386.6	343.5	305.1	270.6	239.5	211.6	186.4	163.9	146.1	133.4	122.4	112.7	104.1	96.6	89.7	83.3	77.4	72	67	62.4	58.2	54.3	50.8	47.5	42	37.4	33.6	30.6	28.2	26.3	24.8	23.6	22.7	22	21.5	21.2	20.9	20.8	20.7
3620	884.6	779.1	694.3	618.4	550.4	490.1	436.2	387.9	344.8	306.3	271.8	240.7	212.7	187.5	165	146.9	134.1	123	113.3	104.7	97.1	90.2	83.8	77.8	72.4	67.4	62.7	58.5	54.6	51.1	47.8	42.2	37.6	33.8	30.8	28.3	26.4	24.8	23.7	22.7	22.1	21.6	21.2	21	20.8	20.8
3640	885.6	780.2	695.5	619.7	551.8	491.4	437.6	389.3	346.2	307.6	273	241.9	213.9	188.6	166	147.7	134.7	123.6	113.8	105.2	97.6	90.6	84.2	78.3	72.8	67.7	63.1	58.8	54.9	51.4	48.1	42.5	37.8	34	30.9	28.4	26.5	24.9	23.7	22.8	22.1	21.6	21.2	21	20.8	20.8
3660	886.6	781.3	696.8	621	553.1	492.8	438.9	390.6	347.5	308.9	274.3	243.1	215	189.7	167	148.5	135.4	124.2	114.4	105.7	98.1	91.1	84.7	78.7	73.2	68.1	63.5	59.2	55.3	51.7	48.4	42.7	38	34.2	31.1	28.6	26.6	25	23.8	22.9	22.2	21.6	21.3	21	20.9	20.8
3680	887.7	782.5	698	622.3	554.4	494.1	440.3	391.9	348.8	310.2	275.5	244.3	216.2	190.8	168	149.3	136.1	124.9	114.9	106.2	98.6	91.6	85.1	79.1	73.6	68.5	63.8	59.5	55.6	52	48.7	43	38.2	34.4	31.2	28.7	26.7	25.1	23.9	22.9	22.2	21.7	21.3	21	20.9	20.8
3700	888.7	783.6	699.2	623.6	555.8	495.5	441.6	393.3	350.1	311.4	276.7	245.5	217.3	191.9	169.1	150.1	136.7	125.5	115.5	106.7	99	92	85.5	79.5	74	68.9	64.2	59.9	55.9	52.3	49	43.2	38.5	34.6	31.4	28.9	26.8	25.2	24	23	22.3	21.7	21.3	21.1	20.9	20.9
3720	889.7	784.7	700.4	624.9	557.1	496.8	442.9	394.6	351.3	312.7	278	246.7	218.5	193	170.1	150.9	137.4	126.1	116.1	107.2	99.5	92.5	86	80	74.4	69.3	64.6	60.2	56.3	52.6	49.3	43.5	38.7	34.8	31.6	29	26.9	25.3	24	23.1	22.3	21.8	21.4	21.1	20.9	20.9
3740	890.7	785.8	701.6	626.1	558.4	498.1	444.2	395.9	352.6	313.9	279.2	247.9	219.6	194	171.1	151.7	138	126.7	116.6	107.7	99.9	92.9	86.4	80.4	74.8	69.7	64.9	60.6	56.6	52.9	49.6	43.7	38.9	35	31.7	29.1	27.1	25.4	24.1	23.1	22.4	21.8	21.4	21.1	21	20.9
3760	891.7	786.9	702.8	627.4	559.7	499.4	445.6	397.2	353.9	315.2	280.4	249	220.7	195.1	172.2	152.5	138.7	127.3	117.2	108.3	100.4	93.4	86.8	80.8	75.2	70.1	65.3	60.9	56.9	53.2	49.9	44	39.1	35.1	31.9	29.3	27.2	25.5	24.2	23.2	22.4	21.8	21.4	21.2	21	20.9
3780	892.6	788	704	628.7	561	500.7	446.9	398.5	355.2	316.4	281.6	250.2	221.8	196.2	173.2	153.3	139.3	127.9	117.7	108.8	100.9	93.8	87.3	81.2	75.6	70.4	65.7	61.3	57.2	53.6	50.2	44.3	39.4	35.3	32.1	29.4	27.3	25.6	24.3	23.3	22.5	21.9	21.5	21.2	21	21
3800	893.6	789.1	705.2	629.9	562.3	502	448.2	399.8	356.4	317.7	282.8	251.4	223	197.3	174.3	154.2	139.9	128.5	118.3	109.3	101.4	94.3	87.7	81.6	76	70.8	66	61.6	57.6	53.9	50.5	44.5	39.6	35.5	32.2	29.5	27.4	25.7	24.4	23.3	22.5	21.9	21.5	21.2	21.1	21
3820	894.6	790.2	706.3	631.1	563.6	503.3	449.5	401.1	357.7	318.9	284	252.5	224.1	198.4	175.3	155	140.5	129.1	118.8	109.8	101.8	94.7	88.1	82.1	76.4	71.2	66.4	62	57.9	54.2	50.8	44.8	39.8	35.7	32.4	29.7	27.5	25.8	24.4	23.4	22.6	22	21.5	21.3	21.1	21
3840	895.5	791.2	707.5	632.4	564.8	504.6	450.8	402.4	359	320.1	285.2	253.7	225.2	199.5	176.4	155.8	141.2	129.7	119.4	110.3	102.3	95.2	88.6	82.5	76.8	71.6	66.8	62.3	58.2	54.5	51	45	40	35.9	32.6	29.8	27.6	25.9	24.5	23.5	22.6	22	21.6	21.3	21.1	21.1
3860	896.5	792.3	708.7	633.6	566.1	505.9	452	403.6	360.2	321.3	286.4	254.8	226.3	200.6	177.4	156.7	141.8	130.3	119.9	110.8	102.7	95.6	89	82.9	77.2	72	67.1	62.7	58.6	54.8	51.3	45.3	40.3	36.1	32.7	30	27.8	26	24.6	23.5	22.7	22.1	21.6	21.3	21.2	21.1
3880	897.5	793.3	709.8	634.8	567.4	507.2	453.3	404.9	361.5	322.5	287.5	256	227.5	201.7	178.4	157.6	142.4	130.8	120.5	111.3	103.2	96	89.4	83.3	77.6	72.3	67.5	63	58.9	55.1	51.6	45.5	40.5	36.3	32.9	30.1	27.9	26.1	24.7	23.6	22.7	22.1	21.7	21.4	21.2	21.1
3900	898.4	794.4	711	636	568.6	508.4	454.6	406.2	362.7	323.7	288.7	257.1	228.6	202.7	179.4	158.5	143.1	131.4	121	111.8	103.7	96.5	89.8	83.7	78	72.7	67.8	63.3	59.2	55.4	51.9	45.8	40.7	36.5	33.1	30.3	28	26.2	24.8	23.7	22.8	22.2	21.7	21.4	21.2	21.2
3920	899.4	795.5	712.1	637.3	569.9	509.7	455.8	407.4	363.9	324.9	289.9	258.3	229.7	203.8	180.4	159.5	143.8	132	121.6	112.3	104.2	96.9	90.3	84.1	78.4	73.1	68.2	63.7	59.5	55.7	52.2	46.1	40.9	36.7	33.2	30.4	28.1	26.3	24.9	23.7	22.9	22.2	21.7	21.4	21.2	21.2
3940	900.3	796.5	713.2	638.5	571.1	511	457.1	408.7	365.2	326.1	291.1	259.4	230.8	204.8	181.4	160.4	144.4	132.6	122.1	112.8	104.6	97.4	90.7	84.5	78.8	73.5	68.6	64	59.9	56	52.5	46.3	41.2	36.9	33.4	30.5	28.2	26.4	24.9	23.8	22.9	22.3	21.8	21.5	21.3	21.2
3960	901.2	797.5	714.4	639.7	572.3	512.2	458.4	409.9	366.4	327.3	292.2	260.5	231.8	205.9	182.4	161.3	145.1	133.2	122.7	113.4	105.1	97.8	91.1	84.9	79.2	73.8	68.9	64.4	60.2	56.3	52.8	46.6	41.4	37.1	33.6	30.7	28.4	26.5	25	23.9	23	22.3	21.8	21.5	21.3	21.3
3980	902.1	798.6	715.5	640.8	573.6	513.4	459.6	411.2	367.6	328.5	293.4	261.6	232.9	206.9	183.4	162.3	145.8	133.7	123.2	113.9	105.6	98.3	91.6	85.3	79.6	74.2	69.3	64.7	60.5	56.6	53.1	46.8	41.6	37.3	33.7	30.8	28.5	26.6	25.1	23.9	23	22.4	21.9	21.5	21.3	21.3
4000	903.1	799.6	716.6	642	574.8	514.7	460.8	412.4	368.8	329.7	294.5	262.8	234	208	184.4	163.3	146.4	134.3	123.8	114.4	106.1	98.7	92	85.7	80	74.6	69.6	65.1	60.8	57	53.4	47.1	41.9	37.5	33.9	31	28.6	26.7	25.2	24	23.1	22.4	21.9	21.6	21.4	21.3
4020	904	800.6	717.7	643.2	576	515.9	462.1	413.6	370	330.9	295.7	263.9	235.1	209	185.4	164.2	147.1	134.9	124.3	114.9	106.5	99.1	92.4	86.2	80.3	75	70	65.4	61.2	57.3	53.7	47.4	42.1	37.7	34.1	31.1	28.7	26.8	25.3	24.1	23.2	22.5	22	21.6	21.4	21.4
4040	904.9	801.6	718.8	644.4	577.2	517.1	463.3	414.8	371.2	332.1	296.8	265	236.2	210	186.4	165.1	147.8	135.5	124.9	115.4	107	99.6	92.8	86.6	80.7	75.3	70.4	65.7	61.5	57.6	54	47.6	42.3	37.9	34.3	31.3	28.9	26.9	25.4	24.2	23.2	22.5	22	21.7	21.5	21.4
4060	905.8	802.6	719.9	645.5	578.4	518.3	464.5	416.1	372.4	333.2	298	266.1	237.2	211.1	187.3	166	148.5	136.1	125.4	115.9	107.4	100	93.2	87	81.1	75.7	70.7	66.1	61.8	57.9	54.3	47.9	42.5	38.1	34.4	31.4	29	27	25.5	24.2	23.3	22.6	22	21.7	21.5	21.4
4080	906.7	803.6	721	646.7	579.6	519.6	465.7	417.3	373.6	334.4	299.1	267.2	238.3	212.1	188.3	166.9	149.2	136.7	125.9	116.4	107.9	100.4	93.7	87.4	81.5	76.1	71.1	66.4	62.1	58.2	54.5	48.1	42.8	38.3	34.6	31.6	29.1	27.1	25.6	24.3	23.3	22.6	22.1	21.7	21.5	21.5
4100	907.6	804.6	722.1	647.8	580.8	520.8	466.9	418.5	374.8	335.6	300.2	268.3	239.4	213.1	189.3	167.9	150	137.3	126.5	116.9	108.4	100.9	94.1	87.8	81.9	76.5	71.4	66.8	62.5	58.5	54.8	48.4	43	38.5	34.8	31.7	29.2	27.2	25.6	24.4	23.4	22.7	22.1	21.8	21.6	21.5
4120	908.5	805.6	723.1	649	582	522	468.1	419.7	376	336.7	301.3	269.4	240.4	214.1	190.3	168.8	150.7	137.9	127.1	117.4	108.9	101.3	94.5	88.2	82.3	76.8	71.8	67.1	62.8	58.8	55.1	48.7	43.2	38.7	35	31.9	29.4	27.3	25.7	24.5	23.5	22.7	22.2	21.8	21.6	21.5
4140	909.4	806.6	724.2	650.1	583.1	523.1	469.3	420.9	377.1	337.9	302.5	270.5	241.5	215.1	191.2	169.7	151.4	138.4	127.6	117.9	109.3	101.7	94.9	88.6	82.7	77.2	72.1	67.4	63.1	59.1	55.4	48.9	43.5	38.9	35.1	32	29.5	27.5	25.8	24.5	23.5	22.8	22.2	21.9	21.6	21.6
4160	910.2	807.5	725.3	651.3	584.3	524.3	470.5	422.1	378.3	339	303.6	271.5	242.5	216.2	192.2	170.6	152.2	139	128.1	118.4	109.8	102.1	95.3	89	83	77.6	72.5	67.8	63.4	59.4	55.7	49.2	43.7	39.1	35.3	32.2	29.6	27.6	25.9	24.6	23.6	22.8	22.3	21.9	21.7	21.6
4180	911.1	808.5	726.3	652.4	585.5	525.5	471.7	423.2	379.5	340.1	304.7	272.6	243.5	217.2	193.2	171.6	152.9	139.6	128.7	118.9	110.3	102.6	95.7	89.3	83.4	77.9	72.8	68.1	63.7	59.7	56	49.4	43.9	39.3	35.5	32.3	29.8	27.7	26	24.7	23.7	22.9	22.3	21.9	21.7	21.7
4200	912	809.5	727.4	653.5	586.6	526.7	472.9	424.4	380.6	341.3	305.8	273.7	244.6	218.2	194.2	172.5	153.7	140.2	129.2	119.4	110.7	103	96.1	89.7	83.8	78.3	73.2	68.5	64.1	60	56.3	49.7	44.1	39.5	35.7	32.5	29.9	27.8	26.1	24.8	23.7	23	22.4	22	21.8	21.7
4220	912.9	810.4	728.4	654.6	587.8	527.8	474.1	425.6	381.8	342.4	306.9	274.8	245.6	219.2	195.2	173.5	154.4	140.7	129.8	119.9	111.2	103.4	96.5	90.1	84.2	78.7	73.5	68.8	64.4	60.3	56.6	50	44.4	39.7	35.8	32.6	30	27.9	26.2	24.9	23.8	23	22.4	22	21.8	21.7
4240	913.7	811.4	729.5	655.7	588.9	529	475.2	426.7	382.9	343.5	308	275.8	246.7	220.2	196.1	174.4	155.2	141.3	130.3	120.4	111.6	103.9	96.9	90.5	84.6	79	73.9	69.1	64.7	60.6	56.9	50.2	44.6	39.9	36	32.8	30.1	28	26.3	24.9	23.9	23.1	22.5	22.1	21.8	21.8
4260	914.6	812.3	730.5	656.8	590.1	530.2	476.4	427.9	384.1	344.6	309.1	276.9	247.7	221.2	197.1	175.4	155.9	141.9	130.8	120.9	112.1	104.3	97.3	90.9	84.9	79.4	74.2	69.5	65	60.9	57.2	50.5	44.8	40.1	36.2	32.9	30.3	28.1	26.4	25	23.9	23.1	22.5	22.1	21.9	21.8
4280	915.4	813.3	731.5	657.9	591.2	531.3	477.6	429.1	385.2	345.8	310.2	277.9	248.7	222.2	198.1	176.3	156.7	142.4	131.4	121.4	112.6	104.7	97.8	91.3	85.3	79.8	74.6	69.8	65.4	61.2	57.5	50.7	45.1	40.3	36.4	33.1	30.4	28.2	26.5	25.1	24	23.2	22.6	22.2	21.9	21.9
4300	916.3	814.2	732.6	659	592.4	532.5	478.7	430.2	386.4	346.9	311.2	279	249.8	223.2	199	177.2	157.5	143	131.9	122	113.1	105.2	98.2	91.7	85.7	80.1	74.9	70.1	65.7	61.6	57.7	51	45.3	40.5	36.5	33.2	30.5	28.3	26.6	25.2	24.1	23.2	22.6	22.2	22	21.9
4320	917.1	815.2	733.6	660.1	593.5	533.6	479.8	431.4	387.5	348	312.3	280.1	250.8	224.2	200	178	158.4	143.6	132.4	122.5	113.5	105.6	98.6	92.1	86.1	80.5	75.3	70.5	66	61.9	58	51.3	45.5	40.7	36.7	33.4	30.7	28.5	26.7	25.3	24.2	23.3	22.7	22.3	22	21.9
4340	917.9	816.1	734.6	661.1	594.6	534.7	481	432.5	388.6	349.1	313.4	281.1	251.8	225.2	200.9	178.9	159.2	144.2	133	123	114	106	99	92.5	86.5	80.9	75.6	70.8	66.3	62.2	58.3	51.5	45.8	40.9	36.9	33.6	30.8	28.6	26.8	25.3	24.2	23.4	22.7	22.3	22.1	22
4360	918.8	817	735.6	662.2	595.7	535.9	482.1	433.6	389.7	350.2	314.5	282.2	252.8	226.2	201.9	179.8	160	144.8	133.5	123.4	114.5	106.5	99.4	92.9	86.8	81.2	76	71.1	66.6	62.5	58.6	51.8	46	41.1	37.1	33.7	30.9	28.7	26.9	25.4	24.3	23.4	22.8	22.4	22.1	22
4380	919.6	817.9	736.6	663.3	596.8	537	483.3	434.8	390.8	351.3	315.5	283.2	253.8	227.1	202.8	180.7	160.9	145.5	134	123.9	114.9	106.9	99.8	93.3	87.2	81.6	76.3	71.5	66.9	62.8	58.9	52	46.2	41.3	37.3	33.9	31.1	28.8	27	25.5	24.4	23.5	22.9	22.4	22.2	22.1
4400	920.4	818.8	737.6	664.3	597.9	538.1	484.4	435.9	392	352.4	316.6	284.2	254.8	228.1	203.8	181.6	161.7	146.1	134.5	124.4	115.4	107.3	100.2	93.6	87.6	81.9	76.7	71.8	67.3	63.1	59.2	52.3	46.5	41.6	37.4	34	31.2	28.9	27.1	25.6	24.4	23.6	22.9	22.5	22.2	22.1
4420	921.2	819.7	738.6	665.4	599	539.2	485.5	437	393.1	353.4	317.7	285.3	255.8	229.1	204.7	182.5	162.6	146.7	135.1	124.9	115.8	107.8	100.6	94	88	82.3	77	72.1	67.6	63.4	59.5	52.6	46.7	41.8	37.6	34.2	31.4	29	27.2	25.7	24.5	23.6	23	22.5	22.3	22.2
4440	922.1	820.6	739.6	666.4	600.1	540.3	486.6	438.1	394.2	354.5	318.7	286.3	256.8	230	205.6	183.4	163.5	147.3	135.6	125.4	116.3	108.2	101	94.4	88.3	82.7	77.4	72.5	67.9	63.7	59.8	52.8	46.9	42	37.8	34.3	31.5	29.2	27.3	25.8	24.6	23.7	23	22.6	22.3	22.2
4460	922.9	821.5	740.6	667.5	601.2	541.4	487.7	439.2	395.3	355.6	319.8	287.3	257.8	231	206.6	184.3	164.3	147.9	136.1	125.9	116.8	108.6	101.4	94.8	88.7	83	77.7	72.8	68.2	64	60.1	53.1	47.2	42.2	38	34.5	31.6	29.3	27.4	25.9	24.7	23.7	23.1	22.6	22.3	22.3
4480	923.7	822.4	741.5	668.5	602.3	542.5	488.8	440.3	396.4	356.7	320.8	288.3	258.8	232	207.5	185.2	165.1	148.5	136.7	126.4	117.2	109	101.7	95.2	89.1	83.4	78.1	73.1	68.5	64.3	60.3	53.3	47.4	42.4	38.2	34.7	31.8	29.4	27.5	25.9	24.7	23.8	23.1	22.7	22.4	22.3
4500	924.5	823.3	742.5	669.6	603.4	543.6	489.9	441.4	397.5	357.7	321.9	289.4	259.8	232.9	208.4	186.1	165.9	149.2	137.2	126.9	117.7	109.5	102.1	95.5	89.4	83.7	78.4	73.4	68.8	64.6	60.6	53.6	47.6	42.6	38.3	34.8	31.9	29.5	27.6	26	24.8	23.9	23.2	22.7	22.4	22.4
4520	925.3	824.2	743.5	670.6	604.5	544.7	491	442.5	398.6	358.8	322.9	290.4	260.8	233.9	209.3	187	166.8	149.8	137.7	127.4	118.2	109.9	102.5	95.9	89.8	84.1	78.7	73.8	69.2	64.9	60.9	53.9	47.9	42.8	38.5	35	32	29.6	27.7	26.1	24.9	23.9	23.2	22.8	22.5	22.4
4540	926.1	825.1	744.5	671.6	605.5	545.8	492.1	443.6	399.6	359.9	323.9	291.4	261.8	234.8	210.3	187.8	167.6	150.5	138.3	127.9	118.6	110.3	102.9	96.3	90.2	84.4	79.1	74.1	69.5	65.2	61.2	54.1	48.1	43	38.7	35.1	32.2	29.8	27.8	26.2	25	24	23.3	22.8	22.5	22.5
4560	926.9	825.9	745.4	672.6	606.6	546.9	493.2	444.7	400.7	360.9	325	292.4	262.8	235.8	211.2	188.7	168.4	151.2	138.8	128.4	119.1	110.7	103.3	96.7	90.5	84.8	79.4	74.4	69.8	65.5	61.5	54.4	48.3	43.2	38.9	35.3	32.3	29.9	27.9	26.3	25	24.1	23.4	22.9	22.6	22.5
4580	927.6	826.8	746.4	673.6	607.7	548	494.3	445.8	401.8	362	326	293.4	263.7	236.7	212.1	189.6	169.2	151.9	139.3	128.9	119.5	111.2	103.7	97.1	90.9	85.1	79.8	74.8	70.1	65.8	61.8	54.6	48.6	43.4	39.1	35.5	32.5	30	28	26.4	25.1	24.1	23.4	22.9	22.6	22.6
4600	928.4	827.6	747.3	674.7	608.7	549	495.4	446.9	402.9	363	327	294.4	264.7	237.7	213	190.5	170.1	152.5	139.8	129.4	120	111.6	104.1	97.4	91.3	85.5	80.1	75.1	70.4	66.1	62.1	54.9	48.8	43.6	39.3	35.6	32.6	30.1	28.1	26.5	25.2	24.2	23.5	23	22.7	22.6
4620	929.2	828.5	748.3	675.7	609.8	550.1	496.4	447.9	403.9	364.1	328	295.4	265.7	238.6	213.9	191.4	170.9	153.2	140.4	129.9	120.5	112	104.5	97.8	91.6	85.8	80.4	75.4	70.7	66.4	62.4	55.2	49	43.8	39.4	35.8	32.7	30.2	28.2	26.6	25.3	24.3	23.6	23	22.8	22.7
4640	930	829.4	749.2	676.7	610.8	551.2	497.5	449	405	365.1	329.1	296.4	266.6	239.5	214.8	192.2	171.8	153.9	140.9	130.4	120.9	112.5	104.9	98.2	92	86.2	80.8	75.7	71	66.7	62.6	55.4	49.3	44	39.6	35.9	32.9	30.4	28.3	26.7	25.4	24.4	23.6	23.1	22.8	22.7
4660	930.7	830.2	750.1	677.7	611.9	552.2	498.6	450.1	406	366.1	330.1	297.4	267.6	240.5	215.7	193.1	172.6	154.6	141.4	130.9	121.4	112.9	105.4	98.6	92.4	86.5	81.1	76.1	71.4	67	62.9	55.7	49.5	44.2	39.8	36.1	33	30.5	28.4	26.8	25.4	24.4	23.7	23.2	22.9	22.8
4680	931.5	831	751.1	678.7	612.9	553.3	499.6	451.1	407.1	367.2	331.1	298.3	268.5	241.4	216.6	194	173.5	155.2	141.9	131.4	121.9	113.3	105.7	98.9	92.7	86.9	81.5	76.4	71.7	67.3	63.2	55.9	49.7	44.5	40	36.3	33.2	30.6	28.5	26.8	25.5	24.5	23.7	23.2	22.9	22.8
4700	932.3	831.9	752	679.6	613.9	554.3	500.7	452.2	408.1	368.2	332.1	299.3	269.5	242.3	217.5	194.9	174.3	155.9	142.5	131.9	122.3	113.8	106.1	99.3	93.1	87.2	81.8	76.7	72	67.6	63.5	56.2	50	44.7	40.2	36.4	33.3	30.7	28.6	26.9	25.6	24.6	23.8	23.3	23	22.9
4720	933	832.7	752.9	680.6	614.9	555.4	501.7	453.2	409.2	369.2	333.1	300.3	270.5	243.3	218.4	195.8	175.2	156.6	143	132.4	122.8	114.2	106.5	99.7	93.4	87.6	82.1	77	72.3	67.9	63.8	56.5	50.2	44.9	40.4	36.6	33.5	30.9	28.7	27	25.7	24.6	23.9	23.3	23	22.9
4740	933.8	833.6	753.8	681.6	616	556.4	502.8	454.3	410.2	370.2	334.1	301.3	271.4	244.2	219.3	196.6	176	157.4	143.5	132.8	123.2	114.6	106.9	100	93.8	87.9	82.5	77.4	72.6	68.2	64.1	56.7	50.4	45.1	40.6	36.8	33.6	31	28.9	27.1	25.8	24.7	23.9	23.4	23.1	23
4760	934.5	834.4	754.8	682.6	617	557.4	503.8	455.3	411.3	371.3	335.1	302.2	272.4	245.1	220.2	197.5	176.8	158.1	144.1	133.3	123.7	115.1	107.3	100.4	94.1	88.3	82.8	77.7	72.9	68.5	64.4	57	50.7	45.3	40.7	36.9	33.7	31.1	29	27.2	25.9	24.8	24	23.5	23.1	23
4780	935.3	835.2	755.7	683.5	618	558.5	504.9	456.3	412.3	372.3	336.1	303.2	273.3	246	221.1	198.3	177.6	158.9	144.6	133.8	124.2	115.5	107.7	100.8	94.5	88.6	83.1	78	73.2	68.8	64.6	57.2	50.9	45.5	40.9	37.1	33.9	31.2	29.1	27.3	25.9	24.9	24.1	23.5	23.2	23.1
4800	936	836	756.6	684.5	619	559.5	505.9	457.4	413.3	373.3	337.1	304.2	274.2	246.9	222	199.2	178.4	159.6	145.2	134.3	124.6	115.9	108.1	101.2	94.9	89	83.5	78.3	73.5	69.1	64.9	57.5	51.1	45.7	41.1	37.3	34	31.4	29.2	27.4	26	24.9	24.1	23.6	23.3	23.2
4820	936.8	836.8	757.5	685.5	620	560.5	506.9	458.4	414.3	374.3	338.1	305.1	275.2	247.8	222.9	200	179.2	160.4	145.7	134.8	125.1	116.3	108.5	101.5	95.2	89.3	83.8	78.6	73.8	69.4	65.2	57.8	51.4	45.9	41.3	37.4	34.2	31.5	29.3	27.5	26.1	25	24.2	23.6	23.3	23.2
4840	937.5	837.7	758.4	686.4	621	561.5	507.9	459.4	415.4	375.3	339	306.1	276.1	248.8	223.8	200.9	180	161.2	146.3	135.2	125.5	116.8	108.9	101.9	95.6	89.6	84.1	79	74.1	69.7	65.5	58	51.6	46.1	41.5	37.6	34.3	31.6	29.4	27.6	26.2	25.1	24.3	23.7	23.4	23.3
4860	938.2	838.5	759.3	687.4	622	562.6	509	460.5	416.4	376.3	340	307.1	277	249.7	224.6	201.7	180.8	161.9	146.8	135.7	126	117.2	109.3	102.2	95.9	90	84.4	79.3	74.5	70	65.8	58.3	51.8	46.3	41.7	37.8	34.5	31.8	29.5	27.7	26.3	25.2	24.3	23.8	23.4	23.3
4880	939	839.3	760.2	688.3	623	563.6	510	461.5	417.4	377.3	341	308	278	250.6	225.5	202.6	181.6	162.7	147.4	136.2	126.4	117.6	109.7	102.6	96.2	90.3	84.8	79.6	74.8	70.2	66.1	58.5	52.1	46.6	41.9	37.9	34.6	31.9	29.6	27.8	26.4	25.2	24.4	23.8	23.5	23.4
4900	939.7	840.1	761	689.2	624	564.6	511	462.5	418.4	378.3	342	309	278.9	251.5	226.4	203.4	182.4	163.5	147.9	136.7	126.9	118	110.1	103	96.6	90.7	85.1	79.9	75.1	70.5	66.3	58.8	52.3	46.8	42.1	38.1	34.8	32	29.7	27.9	26.5	25.3	24.5	23.9	23.6	23.4
4920	940.4	840.9	761.9	690.2	624.9	565.6	512	463.5	419.4	379.3	342.9	309.9	279.8	252.4	227.2	204.3	183.2	164.2	148.5	137.2	127.3	118.5	110.5	103.3	96.9	91	85.4	80.2	75.4	70.8	66.6	59.1	52.5	47	42.2	38.3	34.9	32.1	29.9	28	26.5	25.4	24.5	24	23.6	23.5
4940	941.1	841.7	762.8	691.1	625.9	566.6	513	464.5	420.4	380.3	343.9	310.9	280.7	253.2	228.1	205.1	184	165	149.1	137.7	127.8	118.9	110.9	103.7	97.3	91.3	85.8	80.5	75.7	71.1	66.9	59.3	52.8	47.2	42.4	38.4	35.1	32.3	30	28.1	26.6	25.5	24.6	24	23.7	23.6
4960	941.8	842.4	763.7	692	626.9	567.6	514	465.5	421.4	381.3	344.9	311.8	281.7	254.1	229	205.9	184.8	165.7	149.7	138.1	128.2	119.3	111.3	104.1	97.7	91.7	86.1	80.9	76	71.4	67.2	59.6	53	47.4	42.6	38.6	35.2	32.4	30.1	28.2	26.7	25.6	24.7	24.1	23.7	23.6
4980	942.6	843.2	764.5	693	627.8	568.6	515	466.5	422.4	382.2	345.8	312.7	282.6	255	229.8	206.8	185.6	166.5	150.3	138.6	128.7	119.7	111.7	104.5	98	92	86.4	81.2	76.3	71.7	67.5	59.8	53.2	47.6	42.8	38.8	35.4	32.5	30.2	28.3	26.8	25.6	24.8	24.2	23.8	23.7
5000	943.3	844	765.4	693.9	628.8	569.5	516	467.5	423.4	383.2	346.8	313.7	283.5	255.9	230.7	207.6	186.4	167.2	150.9	139.1	129.2	120.2	112.1	104.9	98.4	92.4	86.7	81.5	76.6	72	67.7	60.1	53.5	47.8	43	38.9	35.5	32.7	30.3	28.4	26.9	25.7	24.8	24.2	23.9	23.8
5020	944	844.8	766.3	694.8	629.8	570.5	517	468.5	424.4	384.2	347.7	314.6	284.4	256.8	231.5	208.4	187.2	168	151.5	139.6	129.6	120.6	112.5	105.2	98.7	92.7	87.1	81.8	76.9	72.3	68	60.3	53.7	48	43.2	39.1	35.7	32.8	30.4	28.5	27	25.8	24.9	24.3	23.9	23.8
5040	944.7	845.6	767.1	695.7	630.7	571.5	518	469.5	425.4	385.2	348.7	315.5	285.3	257.7	232.4	209.2	188	168.7	152.2	140.1	130.1	121	112.9	105.6	99	93	87.4	82.1	77.2	72.6	68.3	60.6	53.9	48.2	43.4	39.3	35.8	32.9	30.6	28.6	27.1	25.9	25	24.4	24	23.9
5060	945.4	846.3	768	696.6	631.7	572.5	519	470.5	426.3	386.1	349.6	316.4	286.2	258.5	233.2	210.1	188.8	169.5	152.8	140.5	130.5	121.4	113.3	105.9	99.4	93.4	87.7	82.4	77.5	72.9	68.6	60.9	54.2	48.5	43.6	39.4	36	33.1	30.7	28.7	27.2	26	25.1	24.4	24.1	23.9
5080	946.1	847.1	768.8	697.5	632.6	573.4	519.9	471.4	427.3	387.1	350.6	317.4	287.1	259.4	234.1	210.9	189.6	170.3	153.4	141	131	121.9	113.7	106.3	99.7	93.7	88	82.7	77.8	73.2	68.9	61.1	54.4	48.7	43.8	39.6	36.1	33.2	30.8	28.8	27.3	26	25.1	24.5	24.1	24
5100	946.8	847.9	769.6	698.4	633.6	574.4	520.9	472.4	428.3	388	351.5	318.3	288	260.3	234.9	211.7	190.4	171	154	141.5	131.4	122.3	114.1	106.7	100.1	94	88.4	83.1	78.1	73.5	69.1	61.4	54.6	48.9	44	39.8	36.3	33.3	30.9	28.9	27.4	26.1	25.2	24.6	24.2	24.1
5120	947.5	848.6	770.5	699.3	634.5	575.4	521.9	473.4	429.2	389	352.4	319.2	288.9	261.2	235.8	212.5	191.2	171.8	154.6	142	131.9	122.7	114.5	107.1	100.4	94.4	88.7	83.4	78.4	73.8	69.4	61.6	54.9	49.1	44.1	39.9	36.4	33.5	31	29	27.5	26.2	25.3	24.6	24.3	24.1
5140	948.1	849.4	771.3	700.2	635.4	576.3	522.8	474.3	430.2	389.9	353.4	320.1	289.8	262	236.6	213.3	192	172.6	155.3	142.5	132.3	123.1	114.9	107.4	100.8	94.7	89	83.7	78.7	74	69.7	61.9	55.1	49.3	44.3	40.1	36.6	33.6	31.1	29.1	27.5	26.3	25.4	24.7	24.3	24.2
5160	948.8	850.1	772.2	701.1	636.4	577.3	523.8	475.3	431.2	390.9	354.3	321	290.7	262.9	237.5	214.2	192.8	173.3	155.9	143	132.8	123.6	115.3	107.8	101.1	95	89.3	84	79	74.3	70	62.1	55.3	49.5	44.5	40.3	36.7	33.7	31.3	29.3	27.6	26.4	25.4	24.8	24.4	24.3
5180	949.5	850.9	773	702	637.3	578.2	524.8	476.3	432.1	391.8	355.2	321.9	291.5	263.8	238.3	215	193.6	174.1	156.5	143.4	133.2	124	115.7	108.2	101.5	95.4	89.7	84.3	79.3	74.6	70.3	62.4	55.6	49.7	44.7	40.5	36.9	33.9	31.4	29.4	27.7	26.5	25.5	24.9	24.5	24.3
5200	950.2	851.6	773.8	702.8	638.2	579.2	525.7	477.2	433.1	392.8	356.2	322.8	292.4	264.6	239.1	215.8	194.4	174.8	157.2	143.9	133.6	124.4	116	108.5	101.8	95.7	90	84.6	79.6	74.9	70.5	62.6	55.8	49.9	44.9	40.6	37	34	31.5	29.5	27.8	26.6	25.6	24.9	24.5	24.4
5220	950.9	852.4	774.6	703.7	639.1	580.1	526.7	478.2	434	393.7	357.1	323.7	293.3	265.5	240	216.6	195.2	175.6	157.9	144.4	134.1	124.8	116.4	108.9	102.1	96	90.3	84.9	79.9	75.2	70.8	62.9	56.1	50.2	45.1	40.8	37.2	34.1	31.6	29.6	27.9	26.6	25.7	25	24.6	24.5
5240	951.5	853.1	775.5	704.6	640	581	527.6	479.1	435	394.7	358	324.6	294.2	266.3	240.8	217.4	195.9	176.3	158.5	144.9	134.5	125.2	116.8	109.3	102.5	96.3	90.6	85.2	80.2	75.5	71.1	63.2	56.3	50.4	45.3	41	37.3	34.3	31.7	29.7	28	26.7	25.8	25.1	24.7	24.6
5260	952.2	853.8	776.3	705.5	640.9	582	528.5	480.1	435.9	395.6	358.9	325.5	295.1	267.2	241.6	218.2	196.7	177	159.2	145.4	135	125.6	117.2	109.6	102.8	96.6	90.9	85.5	80.5	75.8	71.4	63.4	56.5	50.6	45.5	41.1	37.5	34.4	31.9	29.8	28.1	26.8	25.8	25.2	24.8	24.6
5280	952.9	854.6	777.1	706.3	641.9	582.9	529.5	481	436.9	396.5	359.8	326.4	295.9	268	242.5	219	197.5	177.8	159.9	146	135.4	126.1	117.6	110	103.1	97	91.2	85.8	80.8	76.1	71.6	63.7	56.8	50.8	45.7	41.3	37.6	34.6	32	29.9	28.2	26.9	25.9	25.2	24.8	24.7
5300	953.5	855.3	777.9	707.2	642.8	583.8	530.4	481.9	437.8	397.5	360.7	327.3	296.8	268.9	243.3	219.8	198.2	178.5	160.6	146.5	135.8	126.5	118	110.4	103.5	97.3	91.5	86.1	81.1	76.3	71.9	63.9	57	51	45.9	41.5	37.8	34.7	32.1	30	28.3	27	26	25.3	24.9	24.8
5320	954.2	856	778.7	708	643.7	584.8	531.3	482.9	438.7	398.4	361.6	328.2	297.7	269.7	244.1	220.6	199	179.2	161.3	147	136.3	126.9	118.4	110.7	103.8	97.6	91.9	86.4	81.4	76.6	72.2	64.2	57.2	51.2	46.1	41.7	37.9	34.8	32.2	30.1	28.4	27.1	26.1	25.4	25	24.8
5340	954.9	856.7	779.5	708.9	644.5	585.7	532.3	483.8	439.6	399.3	362.5	329.1	298.5	270.6	244.9	221.4	199.8	180	162	147.5	136.7	127.3	118.8	111.1	104.2	98	92.2	86.8	81.7	76.9	72.5	64.4	57.4	51.4	46.3	41.8	38.1	35	32.4	30.2	28.5	27.2	26.2	25.5	25.1	24.9
5360	955.5	857.5	780.3	709.7	645.4	586.6	533.2	484.7	440.6	400.2	363.4	330	299.4	271.4	245.7	222.2	200.5	180.7	162.7	148	137.2	127.7	119.2	111.5	104.5	98.3	92.5	87.1	82	77.2	72.7	64.7	57.7	51.6	46.4	42	38.3	35.1	32.5	30.3	28.6	27.3	26.2	25.5	25.1	25
5380	956.2	858.2	781.1	710.6	646.3	587.5	534.1	485.7	441.5	401.1	364.3	330.8	300.2	272.2	246.6	223	201.3	181.4	163.4	148.5	137.6	128.1	119.6	111.8	104.9	98.6	92.8	87.4	82.3	77.5	73	64.9	57.9	51.8	46.6	42.2	38.4	35.2	32.6	30.5	28.7	27.3	26.3	25.6	25.2	25.1
5400	956.8	858.9	781.9	711.4	647.2	588.4	535	486.6	442.4	402.1	365.2	331.7	301.1	273.1	247.4	223.8	202.1	182.2	164.1	149	138.1	128.6	120	112.2	105.2	98.9	93.1	87.7	82.6	77.8	73.3	65.2	58.1	52.1	46.8	42.4	38.6	35.4	32.7	30.6	28.8	27.4	26.4	25.7	25.3	25.1
5420	957.5	859.6	782.7	712.3	648.1	589.3	535.9	487.5	443.3	403	366.1	332.6	302	273.9	248.2	224.6	202.8	182.9	164.8	149.6	138.5	129	120.4	112.6	105.6	99.2	93.4	88	82.9	78.1	73.6	65.4	58.4	52.3	47	42.5	38.7	35.5	32.9	30.7	28.9	27.5	26.5	25.8	25.4	25.2
5440	958.1	860.3	783.4	713.1	649	590.2	536.9	488.4	444.2	403.9	367	333.5	302.8	274.7	249	225.3	203.6	183.6	165.5	150.1	138.9	129.4	120.8	112.9	105.9	99.6	93.7	88.3	83.1	78.3	73.8	65.7	58.6	52.5	47.2	42.7	38.9	35.7	33	30.8	29	27.6	26.6	25.9	25.4	25.3
5460	958.8	861	784.2	713.9	649.8	591.1	537.8	489.3	445.2	404.8	367.9	334.3	303.7	275.6	249.8	226.1	204.3	184.3	166.1	150.7	139.4	129.8	121.1	113.3	106.2	99.9	94.1	88.6	83.4	78.6	74.1	65.9	58.8	52.7	47.4	42.9	39	35.8	33.1	30.9	29.1	27.7	26.7	25.9	25.5	25.4
5480	959.4	861.7	785	714.8	650.7	592	538.7	490.2	446.1	405.7	368.8	335.2	304.5	276.4	250.6	226.9	205.1	185.1	166.8	151.3	139.8	130.2	121.5	113.7	106.6	100.2	94.4	88.9	83.7	78.9	74.4	66.2	59.1	52.9	47.6	43.1	39.2	35.9	33.2	31	29.2	27.8	26.8	26	25.6	25.4
5500	960	862.4	785.8	715.6	651.6	592.9	539.6	491.1	447	406.6	369.7	336.1	305.3	277.2	251.4	227.7	205.9	185.8	167.5	151.8	140.3	130.7	121.9	114	106.9	100.5	94.7	89.2	84	79.2	74.7	66.5	59.3	53.1	47.8	43.2	39.4	36.1	33.4	31.1	29.3	27.9	26.8	26.1	25.7	25.5
5520	960.7	863.1	786.5	716.4	652.4	593.8	540.5	492	447.9	407.5	370.5	336.9	306.2	278	252.2	228.4	206.6	186.5	168.2	152.4	140.7	131.1	122.3	114.4	107.3	100.9	95	89.5	84.3	79.5	74.9	66.7	59.5	53.3	48	43.4	39.5	36.2	33.5	31.2	29.4	28	26.9	26.2	25.7	25.6
5540	961.3	863.8	787.3	717.2	653.3	594.7	541.4	492.9	448.8	408.4	371.4	337.8	307	278.8	253	229.2	207.3	187.2	168.9	152.9	141.1	131.5	122.7	114.8	107.6	101.2	95.3	89.8	84.6	79.7	75.2	67	59.8	53.5	48.2	43.6	39.7	36.4	33.6	31.4	29.5	28.1	27	26.3	25.8	25.7
5560	961.9	864.5	788.1	718.1	654.1	595.6	542.3	493.8	449.7	409.2	372.3	338.6	307.9	279.7	253.8	230	208.1	188	169.6	153.5	141.6	131.9	123.1	115.1	108	101.5	95.6	90.1	84.9	80	75.5	67.2	60	53.8	48.4	43.8	39.8	36.5	33.7	31.5	29.6	28.2	27.1	26.3	25.9	25.8
5580	962.6	865.2	788.8	718.9	655	596.5	543.1	494.7	450.5	410.1	373.2	339.5	308.7	280.5	254.6	230.8	208.8	188.7	170.3	154.1	142	132.3	123.5	115.5	108.3	101.8	95.9	90.4	85.2	80.3	75.7	67.5	60.2	54	48.6	43.9	40	36.7	33.9	31.6	29.7	28.3	27.2	26.4	26	25.8
5600	963.2	865.8	789.6	719.7	655.8	597.3	544	495.6	451.4	411	374	340.3	309.5	281.3	255.4	231.5	209.6	189.4	171	154.6	142.5	132.7	123.9	115.9	108.6	102.1	96.2	90.7	85.5	80.6	76	67.7	60.5	54.2	48.8	44.1	40.1	36.8	34	31.7	29.8	28.4	27.3	26.5	26.1	25.9
5620	963.8	866.5	790.4	720.5	656.7	598.2	544.9	496.5	452.3	411.9	374.9	341.2	310.3	282.1	256.1	232.3	210.3	190.1	171.7	155.2	142.9	133.1	124.3	116.2	109	102.4	96.5	91	85.8	80.9	76.3	68	60.7	54.4	49	44.3	40.3	36.9	34.1	31.8	30	28.5	27.4	26.6	26.1	26
5640	964.4	867.2	791.1	721.3	657.5	599.1	545.8	497.4	453.2	412.8	375.8	342	311.2	282.9	256.9	233	211.1	190.8	172.4	155.8	143.4	133.5	124.7	116.6	109.3	102.7	96.8	91.3	86	81.1	76.5	68.2	60.9	54.6	49.1	44.5	40.5	37.1	34.3	31.9	30.1	28.6	27.5	26.7	26.2	26.1
5660	965	867.9	791.9	722.1	658.4	599.9	546.7	498.3	454.1	413.6	376.6	342.9	312	283.7	257.7	233.8	211.8	191.6	173.1	156.4	143.8	134	125	117	109.6	103.1	97.1	91.6	86.3	81.4	76.8	68.5	61.2	54.8	49.3	44.6	40.6	37.2	34.4	32.1	30.2	28.7	27.6	26.8	26.3	26.2
5680	965.6	868.5	792.6	722.9	659.2	600.8	547.5	499.1	454.9	414.5	377.5	343.7	312.8	284.5	258.5	234.6	212.6	192.3	173.8	157	144.3	134.4	125.4	117.3	110	103.4	97.4	91.8	86.6	81.7	77.1	68.7	61.4	55	49.5	44.8	40.8	37.4	34.5	32.2	30.3	28.8	27.6	26.9	26.4	26.2
5700	966.3	869.2	793.4	723.7	660	601.7	548.4	500	455.8	415.4	378.3	344.5	313.6	285.3	259.3	235.3	213.3	193	174.4	157.6	144.7	134.8	125.8	117.7	110.3	103.7	97.7	92.1	86.9	82	77.3	69	61.6	55.2	49.7	45	40.9	37.5	34.7	32.3	30.4	28.9	27.7	26.9	26.5	26.3
5720	966.9	869.9	794.1	724.5	660.9	602.5	549.3	500.9	456.7	416.2	379.2	345.4	314.4	286.1	260.1	236.1	214	193.7	175.1	158.2	145.2	135.2	126.2	118	110.7	104	98	92.4	87.2	82.2	77.6	69.2	61.9	55.5	49.9	45.2	41.1	37.7	34.8	32.4	30.5	29	27.8	27	26.6	26.4
5740	967.5	870.5	794.9	725.3	661.7	603.4	550.1	501.7	457.6	417.1	380	346.2	315.3	286.9	260.8	236.9	214.8	194.4	175.8	158.8	145.7	135.6	126.6	118.4	111	104.4	98.4	92.7	87.5	82.5	77.9	69.5	62.1	55.7	50.1	45.3	41.3	37.8	34.9	32.5	30.6	29.1	27.9	27.1	26.6	26.5
5760	968.1	871.2	795.6	726	662.5	604.2	551	502.6	458.4	418	380.9	347	316.1	287.7	261.6	237.6	215.5	195.1	176.4	159.4	146.1	136	127	118.8	111.4	104.7	98.7	93	87.8	82.8	78.2	69.7	62.3	55.9	50.3	45.5	41.4	38	35.1	32.7	30.7	29.2	28	27.2	26.7	26.6
5780	968.7	871.8	796.3	726.8	663.3	605.1	551.9	503.5	459.3	418.8	381.7	347.9	316.9	288.5	262.4	238.4	216.2	195.8	177.1	160.1	146.6	136.4	127.4	119.1	111.7	105	99	93.3	88.1	83.1	78.4	70	62.6	56.1	50.5	45.7	41.6	38.1	35.2	32.8	30.8	29.3	28.1	27.3	26.8	26.7
5800	969.3	872.5	797.1	727.6	664.1	605.9	552.7	504.3	460.1	419.7	382.6	348.7	317.7	289.3	263.1	239.1	217	196.5	177.8	160.7	147.1	136.8	127.7	119.5	112.1	105.3	99.2	93.6	88.3	83.4	78.7	70.2	62.8	56.3	50.7	45.9	41.7	38.2	35.3	32.9	30.9	29.4	28.2	27.4	26.9	26.7
5820	969.9	873.1	797.8	728.4	665	606.8	553.6	505.2	461	420.5	383.4	349.5	318.5	290.1	263.9	239.8	217.7	197.2	178.4	161.3	147.5	137.2	128.1	119.9	112.4	105.6	99.5	93.9	88.6	83.6	79	70.5	63	56.5	50.9	46.1	41.9	38.4	35.4	33	31	29.5	28.3	27.5	27	26.8
5840	970.5	873.8	798.5	729.2	665.8	607.6	554.4	506	461.8	421.4	384.2	350.3	319.3	290.8	264.7	240.6	218.4	197.9	179.1	162	148	137.6	128.5	120.2	112.7	105.9	99.8	94.2	88.9	83.9	79.2	70.7	63.2	56.7	51.1	46.2	42.1	38.5	35.6	33.1	31.1	29.6	28.4	27.6	27.1	26.9
5860	971.1	874.4	799.2	729.9	666.6	608.5	555.3	506.9	462.7	422.2	385.1	351.2	320.1	291.6	265.4	241.3	219.1	198.6	179.8	162.6	148.5	138	128.9	120.6	113.1	106.3	100.1	94.5	89.2	84.2	79.5	71	63.5	56.9	51.3	46.4	42.2	38.7	35.7	33.3	31.3	29.7	28.5	27.7	27.2	27
5880	971.6	875.1	800	730.7	667.4	609.3	556.1	507.7	463.5	423.1	385.9	352	320.9	292.4	266.2	242.1	219.8	199.3	180.5	163.3	148.9	138.4	129.3	121	113.4	106.6	100.4	94.8	89.5	84.5	79.8	71.2	63.7	57.2	51.5	46.6	42.4	38.8	35.9	33.4	31.4	29.8	28.6	27.7	27.3	27.1
5900	972.2	875.7	800.7	731.5	668.2	610.1	556.9	508.6	464.4	423.9	386.7	352.8	321.7	293.2	267	242.8	220.6	200	181.1	163.9	149.5	138.8	129.7	121.3	113.7	106.9	100.7	95.1	89.7	84.7	80	71.4	63.9	57.4	51.7	46.8	42.6	39	36	33.5	31.5	29.9	28.7	27.8	27.3	27.2
5920	972.8	876.3	801.4	732.2	669	610.9	557.8	509.4	465.2	424.7	387.6	353.6	322.5	294	267.7	243.6	221.3	200.7	181.8	164.5	150	139.2	130	121.7	114.1	107.2	101.1	95.4	90	85	80.3	71.7	64.2	57.6	51.9	46.9	42.7	39.1	36.1	33.6	31.6	30	28.8	27.9	27.4	27.3
5940	973.4	877	802.1	733	669.8	611.8	558.6	510.2	466.1	425.6	388.4	354.4	323.3	294.7	268.5	244.3	222	201.4	182.5	165.1	150.5	139.6	130.4	122	114.4	107.6	101.3	95.7	90.3	85.3	80.5	71.9	64.4	57.8	52.1	47.1	42.9	39.3	36.3	33.7	31.7	30.1	28.9	28	27.5	27.4
5960	974	877.6	802.8	733.7	670.6	612.6	559.4	511.1	466.9	426.4	389.2	355.2	324.1	295.5	269.2	245	222.7	202.1	183.1	165.8	151	140	130.8	122.4	114.8	107.9	101.6	95.9	90.6	85.5	80.8	72.2	64.6	58	52.3	47.3	43	39.4	36.4	33.9	31.8	30.2	29	28.1	27.6	27.4
5980	974.6	878.2	803.5	734.5	671.4	613.4	560.3	511.9	467.7	427.2	390	356	324.9	296.3	270	245.7	223.4	202.8	183.8	166.4	151.5	140.4	131.2	122.8	115.1	108.2	101.9	96.2	90.9	85.8	81.1	72.4	64.9	58.2	52.5	47.5	43.2	39.6	36.5	34	31.9	30.3	29.1	28.2	27.7	27.5
6000	975.1	878.9	804.2	735.2	672.1	614.2	561.1	512.7	468.6	428.1	390.8	356.8	325.6	297	270.7	246.5	224.1	203.5	184.4	167	152	140.8	131.6	123.1	115.5	108.5	102.2	96.5	91.1	86.1	81.3	72.7	65.1	58.4	52.7	47.7	43.4	39.7	36.7	34.1	32	30.4	29.2	28.3	27.8	27.6
6020	975.7	879.5	804.9	736	672.9	615	561.9	513.6	469.4	428.9	391.7	357.6	326.4	297.8	271.5	247.2	224.8	204.2	185.1	167.7	152.5	141.3	132	123.5	115.8	108.8	102.5	96.8	91.4	86.3	81.6	72.9	65.3	58.6	52.8	47.8	43.5	39.9	36.8	34.2	32.2	30.5	29.3	28.4	27.9	27.7
6040	976.3	880.1	805.6	736.7	673.7	615.8	562.7	514.4	470.2	429.7	392.5	358.4	327.2	298.6	272.2	247.9	225.5	204.8	185.7	168.3	153	141.7	132.4	123.9	116.1	109.1	102.8	97.1	91.7	86.6	81.9	73.2	65.5	58.9	53	48	43.7	40	36.9	34.4	32.3	30.6	29.4	28.5	28	27.8
6060	976.9	880.7	806.3	737.5	674.5	616.6	563.6	515.2	471	430.5	393.3	359.2	328	299.3	273	248.7	226.2	205.5	186.4	168.9	153.6	142.1	132.7	124.2	116.5	109.4	103.1	97.3	92	86.9	82.1	73.4	65.8	59.1	53.2	48.2	43.9	40.2	37.1	34.5	32.4	30.7	29.5	28.6	28.1	27.9
6080	977.4	881.4	807	738.2	675.3	617.4	564.4	516	471.9	431.3	394.1	360	328.8	300.1	273.7	249.4	226.9	206.2	187.1	169.6	154.1	142.5	133.1	124.6	116.8	109.8	103.4	97.6	92.2	87.2	82.4	73.7	66	59.3	53.4	48.4	44	40.3	37.2	34.6	32.5	30.8	29.6	28.7	28.2	28
6100	978	882	807.7	738.9	676	618.2	565.2	516.9	472.7	432.2	394.9	360.8	329.5	300.8	274.4	250.1	227.6	206.9	187.7	170.2	154.6	142.9	133.5	124.9	117.1	110.1	103.7	97.9	92.5	87.4	82.6	73.9	66.2	59.5	53.6	48.6	44.2	40.5	37.3	34.7	32.6	30.9	29.7	28.8	28.3	28.1
6120	978.5	882.6	808.4	739.7	676.8	619	566	517.7	473.5	433	395.7	361.6	330.3	301.6	275.2	250.8	228.3	207.6	188.4	170.8	155.1	143.3	133.9	125.3	117.5	110.4	104	98.2	92.8	87.7	82.9	74.2	66.4	59.7	53.8	48.7	44.4	40.6	37.5	34.9	32.7	31.1	29.8	28.9	28.4	28.2
6140	979.1	883.2	809.1	740.4	677.6	619.8	566.8	518.5	474.3	433.8	396.5	362.4	331.1	302.4	275.9	251.5	229	208.2	189	171.5	155.7	143.7	134.2	125.7	117.8	110.7	104.3	98.5	93.1	88	83.2	74.4	66.7	59.9	54	48.9	44.5	40.8	37.6	35	32.9	31.2	29.9	29	28.5	28.3
6160	979.7	883.8	809.8	741.1	678.3	620.6	567.6	519.3	475.1	434.6	397.3	363.1	331.9	303.1	276.6	252.2	229.7	208.9	189.7	172.1	156.2	144.2	134.6	126	118.2	111.1	104.6	98.8	93.4	88.2	83.4	74.6	66.9	60.1	54.2	49.1	44.7	40.9	37.8	35.1	33	31.3	30	29.1	28.5	28.4
6180	980.2	884.4	810.4	741.9	679.1	621.4	568.4	520.1	475.9	435.4	398.1	363.9	332.6	303.9	277.4	253	230.4	209.6	190.4	172.7	156.7	144.6	135	126.4	118.5	111.4	104.9	99.1	93.6	88.5	83.7	74.9	67.1	60.3	54.4	49.3	44.9	41.1	37.9	35.3	33.1	31.4	30.1	29.2	28.6	28.5
6200	980.8	885	811.1	742.6	679.9	622.2	569.2	520.9	476.7	436.2	398.9	364.7	333.4	304.6	278.1	253.7	231.1	210.3	191	173.4	157.3	145	135.4	126.7	118.9	111.7	105.2	99.3	93.9	88.8	83.9	75.1	67.4	60.5	54.6	49.5	45	41.2	38	35.4	33.2	31.5	30.2	29.3	28.7	28.6
6220	981.3	885.6	811.8	743.3	680.6	623	570	521.7	477.5	437	399.7	365.5	334.1	305.3	278.8	254.4	231.8	211	191.7	174	157.8	145.4	135.7	127.1	119.2	112	105.5	99.6	94.2	89	84.2	75.4	67.6	60.8	54.8	49.6	45.2	41.4	38.2	35.5	33.3	31.6	30.3	29.4	28.8	28.7
6240	981.9	886.2	812.5	744	681.4	623.8	570.8	522.5	478.3	437.8	400.5	366.3	334.9	306.1	279.6	255.1	232.5	211.6	192.3	174.6	158.4	145.8	136.1	127.4	119.5	112.3	105.8	99.9	94.4	89.3	84.5	75.6	67.8	61	55	49.8	45.4	41.5	38.3	35.6	33.5	31.7	30.4	29.5	28.9	28.8
6260	982.4	886.8	813.1	744.7	682.1	624.5	571.6	523.3	479.1	438.6	401.3	367	335.7	306.8	280.3	255.8	233.2	212.3	193	175.2	159	146.3	136.5	127.8	119.9	112.6	106.1	100.2	94.7	89.6	84.7	75.9	68	61.2	55.2	50	45.5	41.7	38.5	35.8	33.6	31.8	30.5	29.6	29	28.9
6280	983	887.4	813.8	745.4	682.9	625.3	572.4	524.1	479.9	439.4	402.1	367.8	336.4	307.6	281	256.5	233.9	213	193.6	175.8	159.6	146.7	136.9	128.2	120.2	113	106.4	100.5	95	89.8	85	76.1	68.3	61.4	55.4	50.2	45.7	41.8	38.6	35.9	33.7	31.9	30.6	29.7	29.1	29
6300	983.5	888	814.5	746.2	683.6	626.1	573.2	524.9	480.7	440.2	402.8	368.6	337.2	308.3	281.7	257.2	234.6	213.6	194.3	176.4	160.1	147.1	137.2	128.5	120.5	113.3	106.7	100.7	95.3	90.1	85.2	76.3	68.5	61.6	55.6	50.4	45.8	42	38.7	36	33.8	32.1	30.7	29.8	29.2	29
6320	984.1	888.6	815.1	746.9	684.3	626.9	574	525.7	481.5	440.9	403.6	369.3	337.9	309	282.5	257.9	235.2	214.3	194.9	177	160.7	147.6	137.6	128.9	120.9	113.6	107	101	95.5	90.4	85.5	76.6	68.7	61.8	55.8	50.5	46	42.2	38.9	36.2	33.9	32.2	30.8	29.9	29.3	29.1
6340	984.6	889.2	815.8	747.6	685.1	627.6	574.8	526.5	482.3	441.7	404.4	370.1	338.7	309.8	283.2	258.6	235.9	214.9	195.5	177.6	161.3	148	138	129.2	121.2	113.9	107.3	101.3	95.8	90.6	85.7	76.8	68.9	62	56	50.7	46.2	42.3	39	36.3	34.1	32.3	30.9	30	29.4	29.2
6360	985.2	889.8	816.4	748.3	685.8	628.4	575.5	527.3	483.1	442.5	405.2	370.9	339.4	310.5	283.9	259.3	236.6	215.6	196.2	178.3	161.9	148.4	138.4	129.6	121.6	114.2	107.6	101.6	96.1	90.9	86	77.1	69.2	62.2	56.2	50.9	46.3	42.5	39.2	36.4	34.2	32.4	31	30.1	29.5	29.3
6380	985.7	890.4	817.1	749	686.6	629.2	576.3	528	483.9	443.3	406	371.6	340.2	311.2	284.6	260	237.3	216.3	196.8	178.9	162.5	148.9	138.7	129.9	121.9	114.5	107.9	101.8	96.3	91.1	86.3	77.3	69.4	62.4	56.4	51.1	46.5	42.6	39.3	36.6	34.3	32.5	31.1	30.2	29.6	29.4
6400	986.2	890.9	817.7	749.7	687.3	629.9	577.1	528.8	484.6	444.1	406.7	372.4	340.9	312	285.3	260.7	238	216.9	197.5	179.5	163.1	149.3	139.1	130.3	122.2	114.9	108.2	102.1	96.6	91.4	86.5	77.5	69.6	62.7	56.6	51.3	46.7	42.8	39.5	36.7	34.4	32.6	31.3	30.3	29.7	29.5
6420	986.8	891.5	818.4	750.4	688	630.7	577.9	529.6	485.4	444.8	407.5	373.2	341.7	312.7	286	261.4	238.6	217.6	198.1	180.1	163.7	149.8	139.5	130.6	122.6	115.2	108.5	102.4	96.9	91.7	86.8	77.8	69.9	62.9	56.8	51.4	46.9	42.9	39.6	36.8	34.5	32.7	31.4	30.4	29.8	29.6
6440	987.3	892.1	819	751.1	688.8	631.4	578.6	530.4	486.2	445.6	408.3	373.9	342.4	313.4	286.7	262.1	239.3	218.2	198.7	180.7	164.2	150.3	139.9	131	122.9	115.5	108.8	102.7	97.1	91.9	87	78	70.1	63.1	57	51.6	47	43.1	39.7	36.9	34.7	32.9	31.5	30.5	29.9	29.7
6460	987.8	892.7	819.7	751.8	689.5	632.2	579.4	531.1	487	446.4	409	374.7	343.1	314.2	287.4	262.8	240	218.9	199.4	181.3	164.8	150.7	140.2	131.4	123.2	115.8	109.1	103	97.4	92.2	87.3	78.3	70.3	63.3	57.2	51.8	47.2	43.2	39.9	37.1	34.8	33	31.6	30.6	30	29.9
6480	988.4	893.2	820.3	752.5	690.2	632.9	580.2	531.9	487.7	447.2	409.8	375.4	343.9	314.9	288.1	263.5	240.7	219.5	200	181.9	165.4	151.2	140.6	131.7	123.6	116.1	109.4	103.2	97.7	92.4	87.5	78.5	70.5	63.5	57.3	52	47.4	43.4	40	37.2	34.9	33.1	31.7	30.7	30.1	30
6500	988.9	893.8	821	753.1	690.9	633.7	580.9	532.7	488.5	447.9	410.6	376.2	344.6	315.6	288.8	264.2	241.3	220.2	200.6	182.5	166	151.7	141	132.1	123.9	116.4	109.7	103.5	97.9	92.7	87.8	78.7	70.8	63.7	57.5	52.2	47.5	43.5	40.2	37.3	35	33.2	31.8	30.8	30.2	30.1
6520	989.4	894.4	821.6	753.8	691.6	634.4	581.7	533.4	489.3	448.7	411.3	376.9	345.3	316.3	289.6	264.8	242	220.8	201.3	183.1	166.5	152.2	141.4	132.4	124.2	116.8	110	103.8	98.2	93	88	79	71	63.9	57.7	52.3	47.7	43.7	40.3	37.5	35.2	33.3	31.9	30.9	30.4	30.2
6540	989.9	895	822.2	754.5	692.4	635.2	582.4	534.2	490	449.5	412.1	377.7	346.1	317	290.3	265.5	242.7	221.5	201.9	183.7	167.1	152.6	141.7	132.8	124.6	117.1	110.3	104.1	98.5	93.2	88.3	79.2	71.2	64.1	57.9	52.5	47.9	43.9	40.5	37.6	35.3	33.4	32	31	30.5	30.3
6560	990.5	895.5	822.9	755.2	693.1	635.9	583.2	535	490.8	450.2	412.8	378.4	346.8	317.7	291	266.2	243.3	222.1	202.5	184.4	167.7	153.1	142.1	133.1	124.9	117.4	110.6	104.4	98.8	93.5	88.5	79.5	71.4	64.3	58.1	52.7	48	44	40.6	37.7	35.4	33.6	32.1	31.1	30.6	30.4
6580	991	896.1	823.5	755.9	693.8	636.7	584	535.7	491.6	451	413.6	379.1	347.5	318.5	291.6	266.9	244	222.8	203.1	185	168.3	153.6	142.5	133.5	125.2	117.7	110.9	104.7	99	93.8	88.8	79.7	71.6	64.6	58.3	52.9	48.2	44.2	40.7	37.9	35.5	33.7	32.3	31.3	30.7	30.5
6600	991.5	896.6	824.1	756.5	694.5	637.4	584.7	536.5	492.3	451.7	414.3	379.9	348.3	319.2	292.3	267.6	244.6	223.4	203.8	185.6	168.8	154.1	142.9	133.8	125.6	118	111.2	104.9	99.3	94	89	79.9	71.9	64.8	58.5	53.1	48.4	44.3	40.9	38	35.7	33.8	32.4	31.4	30.8	30.6
6620	992	897.2	824.7	757.2	695.2	638.1	585.5	537.2	493.1	452.5	415.1	380.6	349	319.9	293	268.2	245.3	224.1	204.4	186.2	169.4	154.6	143.3	134.2	125.9	118.4	111.5	105.2	99.5	94.3	89.3	80.2	72.1	65	58.7	53.3	48.5	44.5	41	38.2	35.8	33.9	32.5	31.5	30.9	30.7
6640	992.5	897.8	825.4	757.9	695.9	638.9	586.2	538	493.8	453.2	415.8	381.4	349.7	320.6	293.7	268.9	246	224.7	205	186.8	170	155	143.7	134.5	126.3	118.7	111.8	105.5	99.8	94.5	89.5	80.4	72.3	65.2	58.9	53.4	48.7	44.6	41.2	38.3	35.9	34	32.6	31.6	31	30.8
6660	993	898.3	826	758.6	696.6	639.6	586.9	538.7	494.6	454	416.6	382.1	350.4	321.3	294.4	269.6	246.6	225.3	205.6	187.4	170.6	155.5	144.1	134.9	126.6	119	112.1	105.8	100.1	94.8	89.8	80.7	72.5	65.4	59.1	53.6	48.9	44.8	41.3	38.4	36	34.1	32.7	31.7	31.1	30.9
6680	993.6	898.9	826.6	759.2	697.3	640.3	587.7	539.5	495.3	454.7	417.3	382.8	351.1	322	295.1	270.3	247.3	226	206.3	188	171.2	156	144.4	135.2	126.9	119.3	112.4	106	100.3	95	90	80.9	72.8	65.6	59.3	53.8	49	44.9	41.5	38.6	36.2	34.3	32.8	31.8	31.2	31
6700	994.1	899.4	827.2	759.9	698	641	588.4	540.2	496.1	455.5	418.1	383.6	351.9	322.7	295.8	270.9	247.9	226.6	206.9	188.6	171.8	156.5	144.8	135.6	127.2	119.6	112.7	106.3	100.6	95.3	90.3	81.1	73	65.8	59.5	54	49.2	45.1	41.6	38.7	36.3	34.4	32.9	31.9	31.3	31.1
6720	994.6	900	827.8	760.6	698.7	641.8	589.2	541	496.8	456.2	418.8	384.3	352.6	323.4	296.5	271.6	248.6	227.3	207.5	189.2	172.4	157	145.2	135.9	127.6	119.9	113	106.6	100.9	95.6	90.5	81.4	73.2	66	59.7	54.2	49.4	45.3	41.8	38.8	36.4	34.5	33.1	32	31.4	31.2
6740	995.1	900.5	828.5	761.2	699.4	642.5	589.9	541.7	497.6	457	419.5	385	353.3	324.1	297.2	272.3	249.2	227.9	208.1	189.8	172.9	157.5	145.6	136.3	127.9	120.2	113.2	106.9	101.1	95.8	90.8	81.6	73.4	66.2	59.9	54.4	49.5	45.4	41.9	39	36.6	34.6	33.2	32.1	31.5	31.3
6760	995.6	901.1	829.1	761.9	700.1	643.2	590.6	542.5	498.3	457.7	420.3	385.7	354	324.8	297.8	272.9	249.9	228.5	208.7	190.4	173.5	158	146	136.6	128.2	120.6	113.5	107.2	101.4	96.1	91	81.8	73.7	66.4	60.1	54.5	49.7	45.6	42.1	39.1	36.7	34.8	33.3	32.2	31.6	31.4
6780	996.1	901.6	829.7	762.5	700.8	643.9	591.4	543.2	499	458.4	421	386.5	354.7	325.5	298.5	273.6	250.5	229.2	209.4	191	174.1	158.6	146.4	137	128.6	120.9	113.8	107.4	101.6	96.3	91.3	82.1	73.9	66.6	60.3	54.7	49.9	45.7	42.2	39.2	36.8	34.9	33.4	32.4	31.7	31.5
6800	996.6	902.1	830.3	763.2	701.5	644.6	592.1	543.9	499.8	459.2	421.7	387.2	355.4	326.2	299.2	274.3	251.2	229.8	210	191.6	174.6	159.1	146.8	137.3	128.9	121.2	114.1	107.7	101.9	96.5	91.5	82.3	74.1	66.9	60.5	54.9	50.1	45.9	42.4	39.4	36.9	35	33.5	32.5	31.9	31.7
6820	997.1	902.7	830.9	763.8	702.2	645.3	592.8	544.7	500.5	459.9	422.5	387.9	356.1	326.9	299.9	274.9	251.8	230.4	210.6	192.2	175.2	159.6	147.2	137.7	129.2	121.5	114.4	108	102.1	96.8	91.8	82.5	74.3	67.1	60.7	55.1	50.2	46.1	42.5	39.5	37.1	35.1	33.6	32.6	32	31.8
6840	997.6	903.2	831.5	764.5	702.8	646	593.6	545.4	501.2	460.6	423.2	388.6	356.8	327.6	300.6	275.6	252.5	231.1	211.2	192.8	175.7	160.2	147.6	138	129.6	121.8	114.7	108.3	102.4	97.1	92	82.8	74.5	67.3	60.9	55.3	50.4	46.2	42.6	39.7	37.2	35.2	33.8	32.7	32.1	31.9
6860	998.1	903.8	832.1	765.1	703.5	646.8	594.3	546.1	502	461.4	423.9	389.3	357.5	328.3	301.2	276.3	253.1	231.7	211.8	193.3	176.3	160.7	148	138.4	129.9	122.1	115	108.5	102.7	97.3	92.3	83	74.8	67.5	61.1	55.4	50.6	46.4	42.8	39.8	37.3	35.4	33.9	32.8	32.2	32
6880	998.6	904.3	832.7	765.8	704.2	647.5	595	546.8	502.7	462.1	424.6	390.1	358.2	328.9	301.9	276.9	253.8	232.3	212.4	193.9	176.9	161.2	148.4	138.7	130.2	122.4	115.3	108.8	102.9	97.6	92.5	83.2	75	67.7	61.3	55.6	50.7	46.5	42.9	39.9	37.5	35.5	34	32.9	32.3	32.1
6900	999.1	904.8	833.3	766.4	704.9	648.2	595.7	547.6	503.4	462.8	425.4	390.8	358.9	329.6	302.6	277.6	254.4	232.9	213	194.5	177.4	161.8	148.8	139.1	130.6	122.8	115.6	109.1	103.2	97.8	92.8	83.5	75.2	67.9	61.5	55.8	50.9	46.7	43.1	40.1	37.6	35.6	34.1	33	32.4	32.2
6920	999.6	905.4	833.9	767.1	705.6	648.9	596.4	548.3	504.1	463.5	426.1	391.5	359.6	330.3	303.3	278.2	255	233.6	213.6	195.1	178	162.3	149.2	139.4	130.9	123.1	115.9	109.4	103.5	98.1	93	83.7	75.4	68.1	61.6	56	51.1	46.8	43.2	40.2	37.7	35.7	34.2	33.2	32.5	32.3
6940	1000	905.9	834.5	767.7	706.2	649.5	597.2	549	504.9	464.3	426.8	392.2	360.3	331	303.9	278.9	255.7	234.2	214.2	195.7	178.6	162.9	149.6	139.7	131.2	123.4	116.2	109.7	103.7	98.3	93.3	83.9	75.6	68.3	61.8	56.2	51.3	47	43.4	40.4	37.9	35.9	34.3	33.3	32.6	32.4
6960	1000.5	906.4	835.1	768.4	706.9	650.2	597.9	549.7	505.6	465	427.5	392.9	361	331.7	304.6	279.5	256.3	234.8	214.8	196.3	179.1	163.4	150.1	140.1	131.5	123.7	116.5	110	104	98.6	93.5	84.2	75.9	68.5	62	56.4	51.4	47.2	43.5	40.5	38	36	34.5	33.4	32.8	32.5
6980	1001	906.9	835.6	769	707.6	650.9	598.6	550.4	506.3	465.7	428.2	393.6	361.7	332.4	305.3	280.2	257	235.4	215.4	196.9	179.7	163.9	150.5	140.4	131.9	124	116.8	110.2	104.3	98.9	93.8	84.4	76.1	68.7	62.2	56.5	51.6	47.3	43.7	40.6	38.1	36.1	34.6	33.5	32.9	32.7
7000	1001.5	907.5	836.2	769.6	708.2	651.6	599.3	551.2	507	466.4	428.9	394.3	362.4	333	305.9	280.8	257.6	236	216	197.5	180.3	164.5	150.9	140.8	132.2	124.3	117.1	110.5	104.5	99.1	94	84.6	76.3	68.9	62.4	56.7	51.8	47.5	43.8	40.8	38.3	36.2	34.7	33.6	33	32.8
7020	1002	908	836.8	770.3	708.9	652.3	600	551.9	507.7	467.1	429.7	395	363.1	333.7	306.6	281.5	258.2	236.7	216.6	198	180.8	165	151.4	141.1	132.5	124.6	117.4	110.8	104.8	99.3	94.2	84.9	76.5	69.1	62.6	56.9	51.9	47.6	44	40.9	38.4	36.4	34.8	33.7	33.1	32.9
7040	1002.5	908.5	837.4	770.9	709.5	653	600.7	552.6	508.4	467.8	430.4	395.7	363.8	334.4	307.2	282.1	258.9	237.3	217.2	198.6	181.4	165.5	151.8	141.5	132.9	124.9	117.7	111.1	105	99.6	94.5	85.1	76.8	69.3	62.8	57.1	52.1	47.8	44.1	41.1	38.5	36.5	34.9	33.9	33.2	33
7060	1003	909	838	771.5	710.2	653.7	601.4	553.3	509.2	468.5	431.1	396.4	364.5	335.1	307.9	282.8	259.5	237.9	217.8	199.2	181.9	166.1	152.3	141.8	133.2	125.3	118	111.4	105.3	99.8	94.7	85.3	77	69.6	63	57.3	52.3	48	44.3	41.2	38.7	36.6	35.1	34	33.3	33.1
7080	1003.4	909.5	838.6	772.1	710.9	654.4	602.1	554	509.9	469.2	431.8	397.1	365.2	335.7	308.6	283.4	260.1	238.5	218.4	199.8	182.5	166.6	152.7	142.2	133.5	125.6	118.3	111.6	105.6	100.1	95	85.6	77.2	69.8	63.2	57.5	52.5	48.1	44.4	41.3	38.8	36.7	35.2	34.1	33.4	33.2
7100	1003.9	910.1	839.1	772.8	711.5	655	602.8	554.7	510.6	470	432.5	397.8	365.8	336.4	309.2	284.1	260.7	239.1	219	200.4	183	167.1	153.1	142.5	133.9	125.9	118.6	111.9	105.8	100.3	95.2	85.8	77.4	70	63.4	57.6	52.6	48.3	44.6	41.5	38.9	36.9	35.3	34.2	33.6	33.3
7120	1004.4	910.6	839.7	773.4	712.2	655.7	603.5	555.4	511.3	470.7	433.2	398.5	366.5	337.1	309.9	284.7	261.4	239.7	219.6	200.9	183.6	167.7	153.6	142.9	134.2	126.2	118.9	112.2	106.1	100.6	95.4	86	77.6	70.2	63.6	57.8	52.8	48.5	44.7	41.6	39.1	37	35.4	34.3	33.7	33.5
7140	1004.9	911.1	840.3	774	712.8	656.4	604.2	556.1	512	471.4	433.9	399.2	367.2	337.7	310.5	285.3	262	240.3	220.2	201.5	184.2	168.2	154	143.3	134.5	126.5	119.2	112.5	106.4	100.8	95.7	86.3	77.8	70.4	63.8	58	53	48.6	44.9	41.8	39.2	37.1	35.6	34.5	33.8	33.6
7160	1005.3	911.6	840.9	774.6	713.5	657.1	604.9	556.8	512.7	472.1	434.6	399.9	367.9	338.4	311.2	286	262.6	240.9	220.8	202.1	184.7	168.7	154.5	143.6	134.8	126.8	119.5	112.8	106.6	101.1	95.9	86.5	78.1	70.6	64	58.2	53.1	48.8	45	41.9	39.3	37.3	35.7	34.6	33.9	33.7
7180	1005.8	912.1	841.4	775.2	714.1	657.7	605.6	557.5	513.4	472.8	435.3	400.6	368.6	339.1	311.8	286.6	263.2	241.5	221.4	202.7	185.3	169.3	154.9	144	135.2	127.1	119.8	113	106.9	101.3	96.2	86.7	78.3	70.8	64.2	58.4	53.3	48.9	45.2	42.1	39.5	37.4	35.8	34.7	34	33.8
7200	1006.3	912.6	842	775.8	714.8	658.4	606.3	558.2	514.1	473.5	436	401.3	369.2	339.7	312.5	287.2	263.9	242.1	222	203.2	185.8	169.8	155.4	144.3	135.5	127.4	120.1	113.3	107.2	101.5	96.4	86.9	78.5	71	64.4	58.6	53.5	49.1	45.4	42.2	39.6	37.5	35.9	34.8	34.1	33.9
