60	62.8	38.4	27.2	22.5	20.8	20.2	20.1	20	20	20	20	20	20	20	20	20	20	20	20	20	20	20	20	20	20	20	20	20	20	20	20	20	20	20	20	20	20	20	20	20	20	20	20	20	20	20
120	109.4	69.2	45.8	32.9	26	22.7	21.1	20.4	20.2	20.1	20	20	20	20	20	20	20	20	20	20	20	20	20	20	20	20	20	20	20	20	20	20	20	20	20	20	20	20	20	20	20	20	20	20	20	20
180	145.7	96.1	66.7	47.4	35.4	28.3	24.2	22.1	21	20.4	20.2	20.1	20	20	20	20	20	20	20	20	20	20	20	20	20	20	20	20	20	20	20	20	20	20	20	20	20	20	20	20	20	20	20	20	20	20
240	190.4	119.4	85.2	62.2	46.4	35.9	29.2	25.2	22.8	21.4	20.7	20.4	20.2	20.1	20	20	20	20	20	20	20	20	20	20	20	20	20	20	20	20	20	20	20	20	20	20	20	20	20	20	20	20	20	20	20	20
300	242.6	144.7	103.2	76.7	57.8	44.5	35.4	29.5	25.6	23.2	21.8	21	20.5	20.3	20.1	20.1	20	20	20	20	20	20	20	20	20	20	20	20	20	20	20	20	20	20	20	20	20	20	20	20	20	20	20	20	20	20
360	285.9	177	119.9	90.3	69	53.5	42.3	34.5	29.2	25.7	23.4	22	21.1	20.6	20.3	20.2	20.1	20	20	20	20	20	20	20	20	20	20	20	20	20	20	20	20	20	20	20	20	20	20	20	20	20	20	20	20	20
420	327.2	210.6	138.8	103.8	80.2	62.6	49.6	40.2	33.4	28.8	25.6	23.5	22.1	21.3	20.7	20.4	20.2	20.1	20.1	20	20	20	20	20	20	20	20	20	20	20	20	20	20	20	20	20	20	20	20	20	20	20	20	20	20	20
480	367.4	243.5	158.9	116.5	90.9	71.7	57.1	46.1	38.1	32.3	28.2	25.3	23.4	22.1	21.3	20.8	20.5	20.3	20.1	20.1	20	20	20	20	20	20	20	20	20	20	20	20	20	20	20	20	20	20	20	20	20	20	20	20	20	20
540	402.9	272.9	182.8	130.3	101	80.4	64.5	52.3	43	36.2	31.1	27.5	25	23.3	22.1	21.3	20.8	20.5	20.3	20.2	20.1	20.1	20	20	20	20	20	20	20	20	20	20	20	20	20	20	20	20	20	20	20	20	20	20	20	20
600	435.3	300.7	207.6	143.8	111.3	89	71.9	58.5	48.1	40.3	34.4	30.1	26.9	24.7	23.1	22	21.3	20.8	20.5	20.3	20.2	20.1	20.1	20	20	20	20	20	20	20	20	20	20	20	20	20	20	20	20	20	20	20	20	20	20	20
660	465.4	327.4	230.4	159.6	121.5	97.3	79.2	64.7	53.4	44.6	37.9	32.8	29	26.3	24.3	22.9	21.9	21.3	20.8	20.5	20.3	20.2	20.1	20.1	20	20	20	20	20	20	20	20	20	20	20	20	20	20	20	20	20	20	20	20	20	20
720	492.7	351.7	251.4	177.1	132	105.3	86.1	70.9	58.6	49	41.5	35.7	31.4	28.1	25.7	23.9	22.7	21.8	21.2	20.8	20.5	20.3	20.2	20.1	20.1	20	20	20	20	20	20	20	20	20	20	20	20	20	20	20	20	20	20	20	20	20
780	517.3	374.1	271.4	195.1	142.5	113.6	93.1	76.9	63.9	53.5	45.2	38.8	33.9	30.1	27.2	25.1	23.6	22.5	21.7	21.1	20.7	20.5	20.3	20.2	20.1	20.1	20	20	20	20	20	20	20	20	20	20	20	20	20	20	20	20	20	20	20	20
840	539.8	395.4	290.9	212.8	153.6	121.7	99.7	82.8	69.1	58	49.1	42	36.5	32.2	28.9	26.5	24.6	23.3	22.3	21.6	21.1	20.7	20.5	20.3	20.2	20.1	20.1	20	20	20	20	20	20	20	20	20	20	20	20	20	20	20	20	20	20	20
900	560.5	415.2	308.9	228.5	166.9	129.7	106	88.5	74.2	62.5	52.9	45.3	39.2	34.5	30.8	27.9	25.8	24.1	22.9	22.1	21.4	21	20.7	20.4	20.3	20.2	20.1	20.1	20	20	20	20	20	20	20	20	20	20	20	20	20	20	20	20	20	20
960	579.4	433.5	325.7	243.6	180.2	138	112.7	94.2	79.2	66.9	56.8	48.6	42.1	36.8	32.7	29.5	27	25.1	23.7	22.7	21.9	21.3	20.9	20.6	20.4	20.3	20.2	20.1	20.1	20	20	20	20	20	20	20	20	20	20	20	20	20	20	20	20	20
1020	596.8	450.5	341.7	258.4	193.8	146.2	119.5	99.6	84.2	71.3	60.7	52	44.9	39.3	34.7	31.2	28.4	26.2	24.6	23.3	22.4	21.7	21.2	20.8	20.6	20.4	20.3	20.2	20.1	20.1	20	20	20	20	20	20	20	20	20	20	20	20	20	20	20	20
1080	612.8	466.4	357	272.7	206.9	155.3	125.8	105	89	75.7	64.6	55.4	47.9	41.8	36.9	32.9	29.8	27.4	25.5	24.1	23	22.2	21.5	21.1	20.8	20.5	20.4	20.2	20.2	20.1	20.1	20	20	20	20	20	20	20	20	20	20	20	20	20	20	20
1140	627.7	481.3	371.4	286.1	218.8	165.5	132.2	110.2	93.6	79.9	68.4	58.8	50.8	44.3	39	34.8	31.3	28.6	26.5	24.9	23.6	22.7	21.9	21.4	21	20.7	20.5	20.3	20.2	20.2	20.1	20	20	20	20	20	20	20	20	20	20	20	20	20	20	20
1200	641.5	495.3	385	298.7	230.4	175.9	138.8	115.7	98.2	84.1	72.2	62.2	53.8	46.9	41.3	36.7	32.9	30	27.6	25.8	24.3	23.2	22.4	21.7	21.3	20.9	20.6	20.4	20.3	20.2	20.1	20.1	20	20	20	20	20	20	20	20	20	20	20	20	20	20
1260	654.2	508.5	398	310.9	241.7	186.4	145.4	121.2	102.8	88.2	75.9	65.5	56.8	49.5	43.5	38.6	34.6	31.4	28.8	26.7	25.1	23.8	22.9	22.1	21.6	21.1	20.8	20.6	20.4	20.3	20.2	20.1	20	20	20	20	20	20	20	20	20	20	20	20	20	20
1320	666.2	520.9	410.3	322.6	252.9	196.9	152.2	126.4	107.1	92.2	79.5	68.8	59.8	52.2	45.8	40.6	36.3	32.8	30	27.7	25.9	24.5	23.4	22.5	21.9	21.4	21	20.7	20.5	20.4	20.3	20.1	20.1	20	20	20	20	20	20	20	20	20	20	20	20	20
1380	677.4	532.6	422.1	333.9	263.4	206.4	160.1	131.6	111.6	96.2	83.2	72.1	62.7	54.8	48.1	42.6	38	34.3	31.2	28.8	26.8	25.2	24	23	22.3	21.7	21.2	20.9	20.7	20.5	20.3	20.2	20.1	20	20	20	20	20	20	20	20	20	20	20	20	20
1440	688	543.8	433.4	344.7	273.5	215.6	168.5	136.8	116.1	99.9	86.7	75.3	65.6	57.4	50.5	44.7	39.8	35.8	32.5	29.9	27.7	26	24.6	23.5	22.7	22	21.5	21.1	20.8	20.6	20.4	20.2	20.1	20.1	20	20	20	20	20	20	20	20	20	20	20	20
1500	698	554.3	444	355	283.2	224.7	176.7	142.2	120.6	103.7	90.1	78.5	68.5	60	52.8	46.7	41.6	37.4	33.9	31	28.7	26.8	25.3	24.1	23.1	22.4	21.8	21.3	21	20.7	20.5	20.3	20.1	20.1	20	20	20	20	20	20	20	20	20	20	20	20
1560	707.4	564.3	454.2	364.9	292.6	233.5	185	147.6	125	107.4	93.5	81.6	71.4	62.6	55.2	48.8	43.5	39	35.3	32.2	29.7	27.6	26	24.7	23.6	22.8	22.1	21.6	21.2	20.9	20.7	20.3	20.2	20.1	20	20	20	20	20	20	20	20	20	20	20	20
1620	716.4	573.8	464	374.5	301.8	242.3	193.3	153.3	129.3	111.3	97	84.8	74.3	65.2	57.5	50.9	45.3	40.6	36.7	33.4	30.7	28.5	26.7	25.3	24.1	23.2	22.4	21.9	21.4	21.1	20.8	20.4	20.2	20.1	20.1	20	20	20	20	20	20	20	20	20	20	20
1680	724.8	583	473.3	383.8	310.7	250.6	200.8	159.7	133.7	114.9	100.1	87.7	77.1	67.8	59.8	53	47.2	42.3	38.2	34.7	31.8	29.5	27.5	25.9	24.7	23.6	22.8	22.2	21.6	21.2	20.9	20.5	20.3	20.1	20.1	20	20	20	20	20	20	20	20	20	20	20
1740	732.9	591.8	482.3	392.7	319.2	258.6	208.3	166.5	137.9	118.7	103.3	90.7	79.8	70.3	62.1	55.1	49.1	44	39.6	36	32.9	30.4	28.3	26.6	25.2	24.1	23.2	22.5	21.9	21.5	21.1	20.6	20.3	20.2	20.1	20	20	20	20	20	20	20	20	20	20	20
1800	740.6	600.1	491	401.3	327.4	266.4	215.6	173.2	142.3	122.4	106.4	93.6	82.5	72.8	64.4	57.2	51	45.6	41.1	37.3	34.1	31.4	29.2	27.3	25.8	24.6	23.6	22.8	22.2	21.7	21.3	20.7	20.4	20.2	20.1	20.1	20	20	20	20	20	20	20	20	20	20
1860	748	608.2	499.3	409.6	335.4	274	222.8	179.8	146.8	126.2	109.8	96.6	85.2	75.3	66.7	59.3	52.8	47.3	42.6	38.6	35.2	32.4	30.1	28.1	26.5	25.2	24.1	23.2	22.5	21.9	21.5	20.9	20.5	20.3	20.1	20.1	20	20	20	20	20	20	20	20	20	20
1920	755	615.9	507.3	417.6	343.2	281.4	229.8	186.6	151.5	129.8	113	99.3	87.9	77.8	69	61.3	54.7	49	44.1	40	36.4	33.5	31	28.9	27.1	25.7	24.5	23.6	22.8	22.2	21.7	21	20.6	20.3	20.2	20.1	20.1	20	20	20	20	20	20	20	20	20
1980	761.8	623.3	515	425.4	350.8	288.7	236.8	193.1	156.5	133.4	116.1	102.2	90.5	80.2	71.2	63.4	56.6	50.7	45.7	41.3	37.6	34.5	31.9	29.7	27.8	26.3	25	24	23.2	22.5	22	21.2	20.7	20.4	20.2	20.1	20.1	20	20	20	20	20	20	20	20	20
2040	768.3	630.4	522.5	432.9	358.1	295.8	243.4	199.1	161.9	137	119.3	104.8	93	82.6	73.5	65.5	58.5	52.4	47.2	42.7	38.9	35.6	32.8	30.5	28.5	26.9	25.6	24.5	23.5	22.8	22.2	21.3	20.8	20.5	20.3	20.1	20.1	20	20	20	20	20	20	20	20	20
2100	774.6	637.2	529.7	440.2	365.3	302.6	249.9	205.3	167.6	140.5	122.5	107.6	95.5	84.9	75.7	67.5	60.4	54.1	48.7	44.1	40.1	36.7	33.8	31.3	29.3	27.5	26.1	24.9	23.9	23.1	22.5	21.5	20.9	20.5	20.3	20.2	20.1	20.1	20	20	20	20	20	20	20	20
2160	780.6	643.8	536.7	447.3	372.2	309.3	256.3	211.3	173.1	144.3	125.7	110.5	98	87.3	77.8	69.5	62.2	55.8	50.3	45.5	41.4	37.8	34.8	32.2	30	28.2	26.7	25.4	24.3	23.5	22.8	21.7	21.1	20.6	20.4	20.2	20.1	20.1	20	20	20	20	20	20	20	20
2220	786.4	650.2	543.5	454.2	379	315.8	262.5	217.1	178.6	148.2	128.8	113.2	100.4	89.6	80	71.5	64.1	57.5	51.8	46.9	42.6	38.9	35.8	33.1	30.8	28.9	27.2	25.9	24.8	23.8	23.1	21.9	21.2	20.7	20.4	20.2	20.1	20.1	20	20	20	20	20	20	20	20
2280	792	656.3	550	460.9	385.5	322.1	268.5	223	184.2	152.1	131.9	116	102.8	91.9	82.1	73.5	65.9	59.2	53.4	48.3	43.9	40.1	36.8	34	31.6	29.6	27.8	26.4	25.2	24.2	23.4	22.2	21.3	20.8	20.5	20.3	20.2	20.1	20.1	20	20	20	20	20	20	20
2340	797.4	662.3	556.4	467.3	392	328.4	274.5	228.7	189.5	156.3	135	118.7	105.2	94	84.2	75.5	67.7	60.9	54.9	49.7	45.2	41.2	37.8	34.9	32.4	30.3	28.5	26.9	25.7	24.6	23.7	22.4	21.5	20.9	20.6	20.3	20.2	20.1	20.1	20	20	20	20	20	20	20
2400	802.6	668.1	562.5	473.6	398.3	334.5	280.4	234.2	194.6	160.9	138	121.4	107.7	96.3	86.3	77.4	69.5	62.6	56.5	51.1	46.4	42.4	38.9	35.8	33.2	31	29.1	27.5	26.2	25	24.1	22.7	21.7	21.1	20.6	20.4	20.2	20.1	20.1	20	20	20	20	20	20	20
2460	807.7	673.6	568.5	479.7	404.4	340.4	286.1	239.6	199.7	165.7	141	124.2	110.1	98.4	88.4	79.4	71.4	64.3	58	52.5	47.7	43.5	39.9	36.8	34.1	31.7	29.8	28.1	26.6	25.4	24.4	22.9	21.9	21.2	20.7	20.4	20.3	20.2	20.1	20	20	20	20	20	20	20
2520	812.7	679	574.3	485.7	410.3	346.2	291.6	244.9	204.7	170.3	144.1	126.9	112.5	100.6	90.3	81.2	73.1	65.9	59.6	53.9	49	44.7	41	37.7	34.9	32.5	30.4	28.7	27.2	25.9	24.8	23.2	22.1	21.3	20.8	20.5	20.3	20.2	20.1	20.1	20	20	20	20	20	20
2580	817.4	684.3	580	491.5	416.2	351.8	297.1	250.1	209.7	174.9	147.5	129.6	114.9	102.7	92.4	83.1	74.9	67.6	61.1	55.4	50.3	45.9	42	38.7	35.8	33.3	31.1	29.2	27.7	26.3	25.2	23.5	22.3	21.5	20.9	20.6	20.4	20.2	20.1	20.1	20	20	20	20	20	20
2640	822.1	689.4	585.5	497.1	421.8	357.4	302.4	255.3	214.6	179.5	150.8	132.2	117.3	104.8	94.3	85	76.6	69.2	62.6	56.8	51.6	47.1	43.1	39.6	36.6	34	31.8	29.9	28.2	26.8	25.6	23.8	22.5	21.6	21	20.6	20.4	20.2	20.1	20.1	20	20	20	20	20	20
2700	826.6	694.3	590.9	502.6	427.4	362.8	307.7	260.3	219.5	184.2	154.2	134.9	119.7	106.9	96.3	86.8	78.4	70.8	64.1	58.2	52.9	48.3	44.2	40.6	37.5	34.8	32.5	30.5	28.8	27.3	26	24.1	22.7	21.8	21.2	20.7	20.5	20.3	20.2	20.1	20.1	20	20	20	20	20
2760	830.9	699.1	596.1	508	432.8	368.2	312.9	265.3	224.2	188.5	157.9	137.5	122.1	109.1	98.2	88.7	80.1	72.5	65.6	59.6	54.2	49.4	45.3	41.6	38.4	35.6	33.2	31.1	29.3	27.8	26.5	24.4	23	22	21.3	20.8	20.5	20.3	20.2	20.1	20.1	20	20	20	20	20
2820	835.2	703.8	601.2	513.3	438.1	373.4	317.9	270.2	228.8	192.8	161.9	140.1	124.4	111.2	100.1	90.4	81.8	74.1	67.1	61	55.5	50.6	46.4	42.6	39.3	36.4	33.9	31.8	29.9	28.3	26.9	24.8	23.2	22.1	21.4	20.9	20.6	20.4	20.2	20.1	20.1	20	20	20	20	20
2880	839.3	708.4	606.2	518.4	443.3	378.5	322.9	274.9	233.3	197.2	166	142.6	126.8	113.3	102	92.3	83.5	75.7	68.6	62.4	56.8	51.8	47.4	43.6	40.2	37.2	34.7	32.4	30.5	28.8	27.4	25.1	23.5	22.3	21.5	21	20.6	20.4	20.2	20.1	20.1	20.1	20	20	20	20
2940	843.3	712.9	611.1	523.5	448.3	383.5	327.7	279.6	237.8	201.4	169.9	145.5	129.1	115.4	103.8	93.9	85.2	77.2	70.1	63.7	58.1	53	48.5	44.6	41.1	38.1	35.4	33.1	31.1	29.3	27.8	25.5	23.8	22.5	21.7	21.1	20.7	20.4	20.3	20.2	20.1	20.1	20	20	20	20
3000	847.2	717.2	615.9	528.4	453.3	388.4	332.5	284.2	242.2	205.6	173.8	148.3	131.4	117.5	105.7	95.7	86.8	78.8	71.6	65.1	59.3	54.2	49.6	45.6	42	38.9	36.2	33.8	31.7	29.9	28.3	25.8	24	22.8	21.8	21.2	20.8	20.5	20.3	20.2	20.1	20.1	20	20	20	20
3060	851.1	721.5	620.6	533.2	458.2	393.2	337.2	288.7	246.6	209.8	177.7	151.2	133.7	119.6	107.6	97.5	88.5	80.3	73	66.5	60.6	55.4	50.7	46.6	43	39.7	36.9	34.5	32.3	30.4	28.8	26.2	24.3	23	22	21.3	20.9	20.6	20.4	20.2	20.1	20.1	20	20	20	20
3120	854.8	725.7	625.1	537.9	462.9	398	341.8	293.2	250.9	213.9	181.7	154.1	136.1	121.7	109.5	99.1	90.1	81.9	74.5	67.8	61.9	56.6	51.8	47.6	43.9	40.6	37.7	35.1	32.9	31	29.3	26.6	24.6	23.2	22.2	21.5	21	20.6	20.4	20.2	20.2	20.1	20.1	20	20	20
3180	858.5	729.7	629.6	542.5	467.6	402.6	346.3	297.6	255.1	218	185.5	157.3	138.3	123.8	111.3	100.8	91.7	83.4	75.9	69.2	63.2	57.8	52.9	48.6	44.8	41.4	38.5	35.8	33.6	31.6	29.8	27	24.9	23.4	22.3	21.6	21	20.7	20.4	20.3	20.2	20.1	20.1	20	20	20
3240	862.1	733.7	633.9	547.1	472.2	407.2	350.8	301.9	259.3	221.9	189.2	160.8	140.5	125.8	113.2	102.5	93.2	84.9	77.4	70.5	64.4	58.9	54	49.6	45.7	42.3	39.2	36.6	34.2	32.1	30.3	27.4	25.3	23.7	22.5	21.7	21.1	20.8	20.5	20.3	20.2	20.1	20.1	20	20	20
3300	865.5	737.6	638.2	551.5	476.7	411.7	355.2	306.1	263.3	225.8	192.9	164.2	142.8	127.9	115	104.1	94.8	86.4	78.8	71.9	65.7	60.1	55.1	50.6	46.7	43.1	40	37.3	34.8	32.7	30.9	27.8	25.6	23.9	22.7	21.9	21.2	20.8	20.5	20.3	20.2	20.1	20.1	20.1	20	20
3360	869	741.4	642.3	555.9	481.1	416.1	359.5	310.3	267.4	229.7	196.6	167.6	145.2	129.9	116.9	105.8	96.4	87.9	80.2	73.2	66.9	61.3	56.2	51.7	47.6	44	40.8	38	35.5	33.3	31.4	28.3	25.9	24.2	22.9	22	21.4	20.9	20.6	20.4	20.2	20.2	20.1	20.1	20	20
3420	872.3	745.1	646.4	560.2	485.5	420.5	363.7	314.4	271.3	233.5	200.2	171	147.7	131.9	118.8	107.5	98	89.4	81.6	74.5	68.2	62.4	57.3	52.7	48.5	44.9	41.6	38.7	36.2	33.9	31.9	28.7	26.3	24.4	23.1	22.1	21.5	21	20.7	20.4	20.3	20.2	20.1	20.1	20.1	20
3480	875.6	748.7	650.4	564.3	489.7	424.7	367.9	318.5	275.2	237.2	203.8	174.4	150.2	134	120.6	109.2	99.4	90.8	83	75.8	69.4	63.6	58.4	53.7	49.5	45.7	42.4	39.4	36.8	34.5	32.5	29.1	26.6	24.7	23.3	22.3	21.6	21.1	20.7	20.5	20.3	20.2	20.1	20.1	20.1	20.1
3540	878.8	752.3	654.3	568.5	493.9	428.9	372	322.5	279.1	241	207.3	177.8	152.7	136	122.5	110.8	100.9	92.2	84.3	77.1	70.6	64.8	59.5	54.7	50.4	46.6	43.2	40.2	37.5	35.1	33	29.6	27	25	23.5	22.5	21.7	21.2	20.8	20.5	20.3	20.2	20.1	20.1	20.1	20.1
3600	881.9	755.7	658.2	572.5	498	433	376.1	326.4	282.9	244.6	210.9	181.2	155.4	138	124.3	112.5	102.4	93.6	85.7	78.4	71.9	65.9	60.5	55.7	51.4	47.5	44	40.9	38.2	35.7	33.6	30	27.3	25.3	23.8	22.6	21.8	21.3	20.8	20.6	20.4	20.2	20.2	20.1	20.1	20.1
3620	883	756.9	659.4	573.8	499.4	434.4	377.4	327.7	284.2	245.9	212.1	182.3	156.3	138.6	124.9	113.1	102.9	94.1	86.1	78.9	72.3	66.3	60.9	56	51.7	47.8	44.3	41.2	38.4	35.9	33.8	30.2	27.4	25.4	23.8	22.7	21.9	21.3	20.9	20.6	20.4	20.3	20.2	20.1	20.1	20.1
3640	884	758	660.7	575.1	500.7	435.7	378.8	329	285.4	247.1	213.2	183.3	157.3	139.3	125.5	113.6	103.4	94.6	86.6	79.3	72.7	66.7	61.3	56.4	52	48.1	44.5	41.4	38.6	36.1	34	30.3	27.6	25.5	23.9	22.8	21.9	21.3	20.9	20.6	20.4	20.3	20.2	20.1	20.1	20.1
3660	885	759.2	661.9	576.4	502	437.1	380.1	330.3	286.7	248.3	214.4	184.4	158.3	140	126.1	114.2	103.9	95	87	79.7	73.1	67.1	61.6	56.7	52.3	48.4	44.8	41.7	38.8	36.4	34.1	30.5	27.7	25.6	24	22.8	22	21.3	20.9	20.6	20.4	20.3	20.2	20.1	20.1	20.1
3680	886	760.3	663.2	577.7	503.4	438.4	381.4	331.6	287.9	249.5	215.5	185.5	159.2	140.6	126.7	114.7	104.4	95.5	87.5	80.1	73.5	67.4	62	57.1	52.6	48.6	45.1	41.9	39.1	36.6	34.3	30.7	27.8	25.7	24.1	22.9	22	21.4	20.9	20.6	20.4	20.3	20.2	20.1	20.1	20.1
3700	887.1	761.4	664.4	579	504.7	439.7	382.7	332.9	289.2	250.7	216.6	186.5	160.2	141.3	127.3	115.3	104.9	96	87.9	80.6	73.9	67.8	62.3	57.4	52.9	48.9	45.4	42.2	39.3	36.8	34.5	30.8	27.9	25.8	24.1	22.9	22.1	21.4	21	20.7	20.4	20.3	20.2	20.1	20.1	20.1
3720	888.1	762.5	665.6	580.3	506	441.1	384	334.1	290.4	251.8	217.8	187.6	161.2	141.9	128	115.8	105.4	96.4	88.3	81	74.3	68.2	62.7	57.7	53.2	49.2	45.6	42.4	39.5	37	34.7	31	28.1	25.9	24.2	23	22.1	21.5	21	20.7	20.4	20.3	20.2	20.1	20.1	20.1
3740	889.1	763.6	666.8	581.6	507.3	442.4	385.3	335.4	291.6	253	218.9	188.7	162.2	142.6	128.6	116.4	105.9	96.9	88.8	81.4	74.7	68.6	63.1	58.1	53.6	49.5	45.9	42.6	39.8	37.2	34.9	31.1	28.2	26	24.3	23.1	22.1	21.5	21	20.7	20.5	20.3	20.2	20.1	20.1	20.1
3760	890	764.7	668	582.9	508.6	443.7	386.6	336.7	292.8	254.2	220	189.7	163.2	143.2	129.2	116.9	106.4	97.4	89.3	81.8	75.1	69	63.4	58.4	53.9	49.8	46.2	42.9	40	37.4	35.1	31.3	28.3	26.1	24.4	23.1	22.2	21.5	21	20.7	20.5	20.3	20.2	20.1	20.1	20.1
3780	891	765.8	669.2	584.2	509.9	445	387.9	337.9	294	255.4	221.1	190.8	164.2	143.9	129.8	117.5	106.9	97.9	89.7	82.3	75.5	69.3	63.8	58.7	54.2	50.1	46.4	43.1	40.2	37.6	35.3	31.4	28.5	26.2	24.5	23.2	22.2	21.6	21.1	20.7	20.5	20.3	20.2	20.2	20.1	20.1
3800	892	766.9	670.4	585.4	511.2	446.3	389.2	339.1	295.2	256.5	222.3	191.9	165.2	144.6	130.3	118	107.4	98.3	90.1	82.7	75.9	69.7	64.1	59.1	54.5	50.4	46.7	43.4	40.4	37.8	35.5	31.6	28.6	26.3	24.5	23.2	22.3	21.6	21.1	20.7	20.5	20.3	20.2	20.2	20.1	20.1
3820	893	767.9	671.6	586.7	512.4	447.5	390.4	340.4	296.4	257.7	223.4	193	166.2	145.3	130.9	118.6	107.9	98.7	90.6	83.1	76.3	70.1	64.5	59.4	54.8	50.7	47	43.6	40.7	38	35.7	31.8	28.7	26.4	24.6	23.3	22.3	21.6	21.1	20.8	20.5	20.3	20.2	20.2	20.1	20.1
3840	893.9	769	672.8	587.9	513.7	448.8	391.7	341.6	297.6	258.8	224.5	194	167.2	146.1	131.5	119.1	108.4	99.2	91	83.5	76.7	70.5	64.8	59.7	55.1	51	47.2	43.9	40.9	38.2	35.9	31.9	28.9	26.5	24.7	23.4	22.4	21.7	21.2	20.8	20.5	20.4	20.2	20.2	20.1	20.1
3860	894.9	770.1	673.9	589.2	515	450.1	393	342.8	298.8	260	225.6	195.1	168.2	146.8	132.1	119.7	108.9	99.6	91.4	83.9	77.1	70.8	65.2	60.1	55.4	51.3	47.5	44.1	41.1	38.5	36.1	32.1	29	26.6	24.8	23.4	22.4	21.7	21.2	20.8	20.5	20.4	20.3	20.2	20.1	20.1
3880	895.8	771.1	675.1	590.4	516.2	451.3	394.2	344.1	300	261.1	226.7	196.1	169.1	147.6	132.7	120.2	109.4	100.1	91.9	84.3	77.5	71.2	65.5	60.4	55.7	51.6	47.8	44.4	41.4	38.7	36.3	32.2	29.1	26.7	24.9	23.5	22.5	21.7	21.2	20.8	20.6	20.4	20.3	20.2	20.1	20.1
3900	896.8	772.1	676.3	591.6	517.5	452.6	395.5	345.3	301.2	262.3	227.8	197.2	170.1	148.3	133.3	120.8	109.9	100.6	92.3	84.8	77.9	71.6	65.9	60.7	56.1	51.8	48.1	44.7	41.6	38.9	36.5	32.4	29.2	26.8	25	23.6	22.5	21.8	21.2	20.9	20.6	20.4	20.3	20.2	20.1	20.1
3920	897.7	773.2	677.4	592.8	518.7	453.9	396.7	346.5	302.4	263.4	228.9	198.2	171.1	149	133.9	121.3	110.4	101	92.7	85.2	78.3	72	66.3	61.1	56.4	52.1	48.3	44.9	41.8	39.1	36.7	32.6	29.4	26.9	25	23.6	22.6	21.8	21.3	20.9	20.6	20.4	20.3	20.2	20.2	20.1
3940	898.7	774.2	678.5	594.1	520	455.1	397.9	347.7	303.5	264.5	229.9	199.2	172.1	149.8	134.5	121.9	110.9	101.5	93.2	85.6	78.7	72.3	66.6	61.4	56.7	52.4	48.6	45.2	42.1	39.3	36.9	32.7	29.5	27	25.1	23.7	22.6	21.9	21.3	20.9	20.6	20.4	20.3	20.2	20.2	20.1
3960	899.6	775.2	679.7	595.3	521.2	456.3	399.2	348.9	304.7	265.7	231	200.3	173.1	150.5	135.1	122.4	111.4	101.9	93.6	86	79	72.7	67	61.7	57	52.7	48.9	45.4	42.3	39.5	37.1	32.9	29.7	27.1	25.2	23.8	22.7	21.9	21.3	20.9	20.6	20.4	20.3	20.2	20.2	20.1
3980	900.5	776.3	680.8	596.5	522.4	457.6	400.4	350.1	305.9	266.8	232.1	201.3	174	151.3	135.8	123	111.9	102.4	94	86.4	79.4	73.1	67.3	62.1	57.3	53	49.1	45.7	42.5	39.7	37.2	33.1	29.8	27.2	25.3	23.8	22.7	21.9	21.4	20.9	20.6	20.4	20.3	20.2	20.2	20.2
4000	901.4	777.3	681.9	597.6	523.6	458.8	401.6	351.3	307	267.9	233.2	202.3	175	152	136.4	123.5	112.4	102.8	94.4	86.8	79.8	73.5	67.7	62.4	57.6	53.3	49.4	45.9	42.8	40	37.4	33.2	29.9	27.4	25.4	23.9	22.8	22	21.4	21	20.7	20.5	20.3	20.2	20.2	20.2
4020	902.3	778.3	683	598.8	524.8	460	402.8	352.5	308.2	269	234.3	203.4	176	152.7	137	124.1	112.9	103.2	94.8	87.2	80.2	73.8	68	62.7	57.9	53.6	49.7	46.2	43	40.2	37.6	33.4	30.1	27.5	25.5	24	22.9	22	21.4	21	20.7	20.5	20.3	20.2	20.2	20.2
4040	903.2	779.3	684.1	600	526	461.2	404	353.6	309.3	270.1	235.3	204.4	177	153.5	137.5	124.6	113.4	103.7	95.3	87.6	80.6	74.2	68.4	63.1	58.2	53.9	50	46.4	43.2	40.4	37.8	33.6	30.2	27.6	25.6	24.1	22.9	22.1	21.5	21	20.7	20.5	20.3	20.2	20.2	20.2
4060	904.1	780.3	685.2	601.2	527.2	462.4	405.2	354.8	310.5	271.2	236.4	205.4	178	154.3	138.1	125.2	113.9	104.1	95.7	88	81	74.6	68.7	63.4	58.6	54.2	50.2	46.7	43.5	40.6	38	33.7	30.3	27.7	25.7	24.1	23	22.1	21.5	21	20.7	20.5	20.3	20.2	20.2	20.2
4080	905	781.3	686.3	602.4	528.4	463.6	406.4	356	311.6	272.3	237.5	206.5	179	155	138.7	125.7	114.4	104.6	96.1	88.4	81.4	74.9	69.1	63.7	58.9	54.5	50.5	46.9	43.7	40.8	38.2	33.9	30.5	27.8	25.8	24.2	23	22.2	21.5	21.1	20.7	20.5	20.4	20.3	20.2	20.2
4100	905.9	782.3	687.4	603.5	529.6	464.8	407.6	357.2	312.7	273.4	238.5	207.5	180	155.9	139.2	126.2	114.9	105.1	96.5	88.8	81.7	75.3	69.4	64	59.2	54.8	50.8	47.2	43.9	41	38.4	34.1	30.6	27.9	25.8	24.3	23.1	22.2	21.6	21.1	20.8	20.5	20.4	20.3	20.2	20.2
4120	906.8	783.3	688.5	604.7	530.8	466	408.8	358.3	313.9	274.5	239.6	208.5	180.9	156.7	139.8	126.8	115.4	105.5	97	89.2	82.1	75.7	69.7	64.4	59.5	55	51	47.4	44.2	41.3	38.6	34.2	30.7	28	25.9	24.3	23.1	22.2	21.6	21.1	20.8	20.5	20.4	20.3	20.2	20.2
4140	907.7	784.3	689.6	605.8	532	467.2	410	359.5	315	275.6	240.6	209.5	181.9	157.5	140.4	127.3	115.9	106	97.4	89.6	82.5	76	70.1	64.7	59.8	55.3	51.3	47.7	44.4	41.5	38.8	34.4	30.9	28.1	26	24.4	23.2	22.3	21.6	21.1	20.8	20.5	20.4	20.3	20.2	20.2
4160	908.6	785.3	690.7	607	533.1	468.4	411.2	360.6	316.1	276.7	241.7	210.5	182.8	158.4	141	127.9	116.4	106.4	97.9	90	82.9	76.4	70.4	65	60.1	55.6	51.6	47.9	44.6	41.7	39	34.6	31	28.3	26.1	24.5	23.3	22.3	21.7	21.2	20.8	20.6	20.4	20.3	20.2	20.2
4180	909.4	786.2	691.7	608.1	534.3	469.5	412.3	361.8	317.2	277.8	242.7	211.5	183.7	159.2	141.6	128.4	116.9	106.9	98.3	90.5	83.3	76.8	70.8	65.4	60.4	55.9	51.9	48.2	44.9	41.9	39.2	34.7	31.2	28.4	26.2	24.6	23.3	22.4	21.7	21.2	20.8	20.6	20.4	20.3	20.2	20.2
4200	910.3	787.2	692.8	609.2	535.5	470.7	413.5	362.9	318.3	278.8	243.8	212.5	184.6	160.1	142.2	128.9	117.4	107.4	98.6	90.9	83.7	77.1	71.1	65.7	60.7	56.2	52.1	48.4	45.1	42.1	39.4	34.9	31.3	28.5	26.3	24.6	23.4	22.4	21.7	21.2	20.9	20.6	20.4	20.3	20.2	20.2
4220	911.1	788.2	693.9	610.4	536.6	471.9	414.7	364	319.4	279.9	244.8	213.5	185.6	161	142.7	129.5	117.9	107.8	99	91.2	84.1	77.5	71.5	66	61	56.5	52.4	48.7	45.4	42.3	39.6	35.1	31.5	28.6	26.4	24.7	23.4	22.5	21.8	21.2	20.9	20.6	20.4	20.3	20.3	20.2
4240	912	789.1	694.9	611.5	537.8	473	415.8	365.2	320.5	281	245.8	214.5	186.5	161.9	143.3	130	118.4	108.2	99.5	91.6	84.4	77.9	71.8	66.3	61.3	56.8	52.7	48.9	45.6	42.6	39.9	35.3	31.6	28.7	26.5	24.8	23.5	22.5	21.8	21.3	20.9	20.6	20.4	20.3	20.3	20.2
4260	912.9	790.1	696	612.6	538.9	474.2	417	366.3	321.6	282	246.8	215.5	187.5	162.8	143.9	130.5	118.9	108.7	99.9	92	84.8	78.2	72.2	66.7	61.6	57.1	52.9	49.2	45.8	42.8	40.1	35.4	31.7	28.8	26.6	24.9	23.6	22.6	21.8	21.3	20.9	20.6	20.5	20.3	20.3	20.2
4280	913.7	791	697	613.7	540	475.3	418.1	367.4	322.7	283.1	247.9	216.4	188.4	163.6	144.5	131.1	119.4	109.1	100.3	92.4	85.2	78.6	72.5	67	61.9	57.4	53.2	49.5	46.1	43	40.3	35.6	31.9	29	26.7	24.9	23.6	22.6	21.9	21.3	20.9	20.7	20.5	20.3	20.3	20.3
4300	914.5	791.9	698	614.8	541.2	476.5	419.2	368.5	323.8	284.2	248.9	217.4	189.3	164.5	145.2	131.6	119.8	109.6	100.7	92.8	85.6	78.9	72.9	67.3	62.3	57.7	53.5	49.7	46.3	43.2	40.5	35.8	32	29.1	26.8	25	23.7	22.7	21.9	21.4	21	20.7	20.5	20.4	20.3	20.3
4320	915.4	792.9	699.1	615.9	542.3	477.6	420.4	369.7	324.9	285.2	249.9	218.4	190.3	165.4	145.8	132.1	120.3	110	101.1	93.2	85.9	79.3	73.2	67.6	62.6	57.9	53.8	50	46.5	43.4	40.7	35.9	32.2	29.2	26.9	25.1	23.7	22.7	21.9	21.4	21	20.7	20.5	20.4	20.3	20.3
4340	916.2	793.8	700.1	617	543.4	478.7	421.5	370.8	326	286.2	250.9	219.4	191.2	166.3	146.4	132.6	120.8	110.5	101.6	93.6	86.3	79.6	73.5	68	62.9	58.2	54	50.2	46.8	43.7	40.9	36.1	32.3	29.3	27	25.2	23.8	22.8	22	21.4	21	20.7	20.5	20.4	20.3	20.3
4360	917	794.7	701.1	618.1	544.5	479.8	422.6	371.9	327	287.3	251.9	220.3	192.1	167.1	147.1	133.2	121.3	110.9	101.9	94	86.7	80	73.9	68.3	63.2	58.5	54.3	50.5	47	43.9	41.1	36.3	32.5	29.4	27.1	25.3	23.9	22.8	22	21.4	21	20.7	20.5	20.4	20.3	20.3
4380	917.9	795.7	702.1	619.2	545.6	481	423.7	373	328.1	288.3	252.9	221.3	193	168	147.8	133.7	121.8	111.4	102.3	94.4	87.1	80.4	74.2	68.6	63.5	58.8	54.6	50.7	47.2	44.1	41.3	36.5	32.6	29.6	27.2	25.3	23.9	22.9	22.1	21.5	21	20.7	20.5	20.4	20.3	20.3
4400	918.7	796.6	703.1	620.2	546.7	482.1	424.8	374.1	329.2	289.4	253.9	222.3	194	168.8	148.4	134.2	122.3	111.8	102.7	94.7	87.4	80.7	74.6	68.9	63.8	59.1	54.8	51	47.5	44.3	41.5	36.6	32.8	29.7	27.3	25.4	24	22.9	22.1	21.5	21.1	20.8	20.5	20.4	20.3	20.3
4420	919.5	797.5	704.1	621.3	547.8	483.2	425.9	375.1	330.2	290.4	254.9	223.2	194.9	169.7	149.1	134.8	122.8	112.3	103.1	95.1	87.8	81.1	74.9	69.2	64.1	59.4	55.1	51.2	47.7	44.5	41.7	36.8	32.9	29.8	27.4	25.5	24.1	23	22.1	21.5	21.1	20.8	20.6	20.4	20.3	20.3
4440	920.3	798.4	705.1	622.4	548.9	484.3	427	376.2	331.3	291.4	255.9	224.2	195.8	170.5	149.7	135.3	123.3	112.7	103.5	95.5	88.2	81.4	75.2	69.6	64.4	59.7	55.4	51.5	48	44.8	41.9	37	33.1	29.9	27.5	25.6	24.1	23	22.2	21.6	21.1	20.8	20.6	20.4	20.4	20.3
4460	921.1	799.3	706.1	623.4	550	485.4	428.1	377.3	332.3	292.4	256.9	225.1	196.7	171.4	150.4	135.9	123.8	113.2	103.9	95.9	88.5	81.8	75.6	69.9	64.7	60	55.7	51.7	48.2	45	42.1	37.2	33.2	30.1	27.6	25.7	24.2	23.1	22.2	21.6	21.1	20.8	20.6	20.4	20.4	20.3
4480	921.9	800.2	707.1	624.5	551.1	486.5	429.2	378.4	333.4	293.5	257.9	226.1	197.6	172.3	151	136.4	124.2	113.6	104.3	96.3	88.9	82.1	75.9	70.2	65	60.3	55.9	52	48.4	45.2	42.3	37.3	33.3	30.2	27.7	25.7	24.3	23.1	22.3	21.6	21.2	20.8	20.6	20.5	20.4	20.3
4500	922.7	801.1	708.1	625.5	552.2	487.6	430.3	379.5	334.4	294.5	258.8	227	198.5	173.1	151.7	136.9	124.7	114.1	104.8	96.7	89.3	82.5	76.2	70.5	65.3	60.5	56.2	52.2	48.7	45.4	42.5	37.5	33.5	30.3	27.8	25.8	24.3	23.2	22.3	21.7	21.2	20.9	20.6	20.5	20.4	20.4
4520	923.5	802	709	626.6	553.3	488.6	431.4	380.5	335.5	295.5	259.8	228	199.4	174	152.4	137.5	125.2	114.5	105.2	97.1	89.6	82.8	76.6	70.8	65.6	60.8	56.5	52.5	48.9	45.7	42.7	37.7	33.6	30.4	27.9	25.9	24.4	23.2	22.3	21.7	21.2	20.9	20.6	20.5	20.4	20.4
4540	924.3	802.8	710	627.6	554.3	489.7	432.5	381.6	336.5	296.5	260.8	228.9	200.3	174.9	153	138	125.7	115	105.6	97.4	90	83.2	76.9	71.2	65.9	61.1	56.7	52.8	49.1	45.9	42.9	37.9	33.8	30.6	28	26	24.5	23.3	22.4	21.7	21.2	20.9	20.7	20.5	20.4	20.4
4560	925.1	803.7	711	628.6	555.4	490.8	433.6	382.7	337.6	297.5	261.8	229.8	201.2	175.7	153.7	138.5	126.2	115.4	106	97.8	90.4	83.5	77.2	71.5	66.2	61.4	57	53	49.4	46.1	43.1	38	33.9	30.7	28.1	26.1	24.5	23.3	22.4	21.8	21.3	20.9	20.7	20.5	20.4	20.4
4580	925.9	804.6	711.9	629.7	556.4	491.9	434.6	383.7	338.6	298.5	262.7	230.8	202.1	176.6	154.4	139	126.7	115.9	106.4	98.2	90.8	83.9	77.6	71.8	66.5	61.7	57.3	53.3	49.6	46.3	43.3	38.2	34.1	30.8	28.2	26.2	24.6	23.4	22.5	21.8	21.3	20.9	20.7	20.5	20.4	20.4
4600	926.7	805.5	712.9	630.7	557.5	492.9	435.7	384.8	339.6	299.5	263.7	231.7	203.1	177.5	155.1	139.5	127.2	116.3	106.8	98.6	91.1	84.2	77.9	72.1	66.8	62	57.5	53.5	49.9	46.5	43.5	38.4	34.2	30.9	28.3	26.3	24.7	23.4	22.5	21.8	21.3	21	20.7	20.5	20.4	20.4
4620	927.4	806.3	713.9	631.7	558.6	494	436.8	385.8	340.6	300.5	264.7	232.6	204	178.4	155.8	140	127.7	116.8	107.2	98.9	91.5	84.6	78.3	72.4	67.1	62.3	57.8	53.8	50.1	46.8	43.7	38.6	34.4	31.1	28.4	26.3	24.7	23.5	22.6	21.9	21.3	21	20.7	20.5	20.5	20.4
4640	928.2	807.2	714.8	632.7	559.6	495.1	437.8	386.8	341.6	301.5	265.6	233.6	204.9	179.2	156.5	140.5	128.2	117.2	107.6	99.3	91.8	84.9	78.6	72.8	67.4	62.5	58.1	54	50.3	47	44	38.8	34.5	31.2	28.5	26.4	24.8	23.6	22.6	21.9	21.4	21	20.7	20.6	20.5	20.4
4660	929	808	715.7	633.7	560.6	496.1	438.9	387.9	342.7	302.5	266.6	234.5	205.8	180	157.3	141.1	128.6	117.7	108.1	99.7	92.2	85.3	78.9	73.1	67.7	62.8	58.4	54.3	50.6	47.2	44.2	38.9	34.7	31.3	28.6	26.5	24.9	23.6	22.6	21.9	21.4	21	20.8	20.6	20.5	20.4
4680	929.7	808.9	716.7	634.7	561.7	497.2	439.9	388.9	343.7	303.4	267.6	235.4	206.6	180.8	158	141.6	129.1	118.1	108.5	100.1	92.5	85.6	79.2	73.4	68	63.1	58.6	54.5	50.8	47.4	44.4	39.1	34.9	31.4	28.7	26.6	24.9	23.7	22.7	22	21.4	21	20.8	20.6	20.5	20.5
4700	930.5	809.7	717.6	635.7	562.7	498.2	441	390	344.7	304.4	268.5	236.4	207.5	181.7	158.8	142.1	129.6	118.5	108.9	100.4	92.9	86	79.6	73.7	68.3	63.4	58.9	54.8	51	47.7	44.6	39.3	35	31.6	28.8	26.7	25	23.7	22.7	22	21.5	21.1	20.8	20.6	20.5	20.5
4720	931.2	810.6	718.5	636.7	563.7	499.2	442	391	345.7	305.4	269.5	237.3	208.4	182.5	159.5	142.6	130.1	119	109.3	100.8	93.3	86.3	79.9	74	68.6	63.7	59.2	55	51.3	47.9	44.8	39.5	35.2	31.7	28.9	26.8	25.1	23.8	22.8	22	21.5	21.1	20.8	20.6	20.5	20.5
4740	932	811.4	719.5	637.7	564.8	500.3	443	392	346.7	306.4	270.4	238.2	209.3	183.3	160.3	143.2	130.6	119.4	109.7	101.2	93.6	86.7	80.2	74.3	68.9	64	59.4	55.3	51.5	48.1	45	39.6	35.3	31.8	29.1	26.9	25.2	23.8	22.8	22.1	21.5	21.1	20.8	20.6	20.5	20.5
4760	932.7	812.2	720.4	638.7	565.8	501.3	444.1	393	347.7	307.4	271.3	239.1	210.1	184.1	161.1	143.7	131	119.9	110.1	101.6	94	87	80.6	74.6	69.2	64.2	59.7	55.5	51.8	48.3	45.2	39.8	35.5	32	29.2	27	25.2	23.9	22.9	22.1	21.5	21.1	20.8	20.7	20.5	20.5
4780	933.5	813.1	721.3	639.7	566.8	502.3	445.1	394	348.7	308.3	272.3	240	211	185	161.9	144.2	131.5	120.3	110.5	101.9	94.3	87.3	80.9	75	69.5	64.5	60	55.8	52	48.5	45.4	40	35.6	32.1	29.3	27	25.3	24	22.9	22.1	21.6	21.2	20.9	20.7	20.6	20.5
4800	934.2	813.9	722.2	640.6	567.8	503.3	446.1	395.1	349.7	309.3	273.2	240.9	211.9	185.8	162.7	144.8	132	120.8	110.9	102.3	94.7	87.7	81.2	75.3	69.8	64.8	60.2	56	52.2	48.8	45.6	40.2	35.8	32.2	29.4	27.1	25.4	24	23	22.2	21.6	21.2	20.9	20.7	20.6	20.5
4820	935	814.7	723.1	641.6	568.8	504.4	447.1	396.1	350.7	310.2	274.1	241.8	212.7	186.6	163.5	145.3	132.4	121.2	111.3	102.6	95	88	81.5	75.6	70.1	65.1	60.5	56.3	52.5	49	45.8	40.4	35.9	32.3	29.5	27.2	25.4	24.1	23	22.2	21.6	21.2	20.9	20.7	20.6	20.5
4840	935.7	815.5	724	642.6	569.8	505.4	448.1	397.1	351.6	311.2	275.1	242.7	213.6	187.4	164.2	145.9	132.9	121.6	111.7	103	95.4	88.3	81.9	75.9	70.4	65.4	60.8	56.6	52.7	49.2	46	40.6	36.1	32.5	29.6	27.3	25.5	24.1	23.1	22.3	21.7	21.2	20.9	20.7	20.6	20.6
4860	936.4	816.3	724.9	643.5	570.8	506.4	449.2	398.1	352.6	312.2	276	243.6	214.4	188.3	165	146.5	133.4	122.1	112.1	103.4	95.7	88.7	82.2	76.2	70.7	65.7	61	56.8	52.9	49.4	46.2	40.7	36.2	32.6	29.7	27.4	25.6	24.2	23.1	22.3	21.7	21.2	20.9	20.7	20.6	20.6
4880	937.2	817.1	725.8	644.5	571.8	507.4	450.2	399.1	353.6	313.1	276.9	244.5	215.3	189.1	165.8	147	133.8	122.5	112.5	103.8	96.1	89	82.5	76.5	71	65.9	61.3	57.1	53.2	49.7	46.5	40.9	36.4	32.7	29.8	27.5	25.7	24.3	23.2	22.3	21.7	21.3	21	20.7	20.6	20.6
4900	937.9	817.9	726.7	645.4	572.8	508.4	451.2	400.1	354.6	314	277.8	245.3	216.2	189.9	166.5	147.6	134.3	122.9	112.9	104.1	96.4	89.4	82.8	76.8	71.3	66.2	61.6	57.3	53.4	49.9	46.7	41.1	36.6	32.9	29.9	27.6	25.7	24.3	23.2	22.4	21.8	21.3	21	20.8	20.6	20.6
4920	938.6	818.7	727.6	646.4	573.8	509.4	452.2	401.1	355.5	315	278.7	246.2	217	190.7	167.3	148.2	134.8	123.4	113.3	104.5	96.8	89.7	83.2	77.1	71.6	66.5	61.8	57.6	53.7	50.1	46.9	41.3	36.7	33	30	27.7	25.8	24.4	23.3	22.4	21.8	21.3	21	20.8	20.7	20.6
4940	939.3	819.5	728.5	647.3	574.7	510.4	453.2	402.1	356.5	315.9	279.7	247.1	217.9	191.5	168	148.8	135.3	123.8	113.7	104.9	97.1	90	83.5	77.4	71.9	66.8	62.1	57.8	53.9	50.3	47.1	41.5	36.9	33.1	30.1	27.8	25.9	24.4	23.3	22.5	21.8	21.3	21	20.8	20.7	20.6
4960	940	820.3	729.3	648.3	575.7	511.3	454.1	403	357.5	316.9	280.6	248	218.7	192.3	168.8	149.4	135.8	124.3	114.1	105.3	97.5	90.4	83.8	77.7	72.2	67.1	62.4	58.1	54.1	50.6	47.3	41.6	37	33.3	30.3	27.9	26	24.5	23.4	22.5	21.8	21.4	21	20.8	20.7	20.6
4980	940.7	821.1	730.2	649.2	576.7	512.3	455.1	404	358.4	317.8	281.5	248.9	219.5	193.1	169.5	149.9	136.2	124.7	114.6	105.7	97.9	90.7	84.1	78.1	72.5	67.3	62.6	58.3	54.4	50.8	47.5	41.8	37.2	33.4	30.4	28	26.1	24.6	23.4	22.5	21.9	21.4	21.1	20.8	20.7	20.7
5000	941.5	821.9	731.1	650.1	577.6	513.3	456.1	405	359.4	318.7	282.4	249.7	220.4	194	170.3	150.5	136.7	125.2	115	106	98.2	91.1	84.5	78.4	72.8	67.6	62.9	58.6	54.6	51	47.7	42	37.3	33.5	30.5	28.1	26.1	24.6	23.5	22.6	21.9	21.4	21.1	20.9	20.7	20.7
5020	942.2	822.7	732	651.1	578.6	514.3	457.1	406	360.3	319.7	283.3	250.6	221.2	194.8	171.1	151.1	137.2	125.6	115.4	106.4	98.5	91.4	84.8	78.7	73.1	67.9	63.2	58.8	54.8	51.2	47.9	42.2	37.5	33.7	30.6	28.1	26.2	24.7	23.5	22.6	21.9	21.5	21.1	20.9	20.7	20.7
5040	942.9	823.4	732.8	652	579.6	515.3	458.1	406.9	361.3	320.6	284.2	251.5	222.1	195.6	171.8	151.7	137.7	126.1	115.8	106.8	98.9	91.7	85.1	79	73.4	68.2	63.4	59.1	55.1	51.4	48.1	42.4	37.7	33.8	30.7	28.2	26.3	24.8	23.6	22.7	22	21.5	21.1	20.9	20.8	20.7
5060	943.6	824.2	733.7	652.9	580.5	516.2	459	407.9	362.2	321.5	285.1	252.3	222.9	196.4	172.6	152.3	138.2	126.5	116.2	107.1	99.2	92	85.4	79.3	73.6	68.5	63.7	59.3	55.3	51.7	48.3	42.6	37.8	33.9	30.8	28.3	26.4	24.8	23.6	22.7	22	21.5	21.1	20.9	20.8	20.7
5080	944.2	825	734.5	653.8	581.5	517.2	460	408.9	363.2	322.4	286	253.2	223.7	197.2	173.4	152.9	138.6	126.9	116.6	107.5	99.5	92.4	85.7	79.6	73.9	68.7	64	59.6	55.6	51.9	48.5	42.7	38	34.1	30.9	28.4	26.4	24.9	23.7	22.7	22.1	21.5	21.2	20.9	20.8	20.7
5100	944.9	825.7	735.4	654.7	582.4	518.1	461	409.8	364.1	323.3	286.8	254.1	224.6	198	174.1	153.5	139.1	127.4	117	107.9	99.9	92.7	86	79.9	74.2	69	64.2	59.8	55.8	52.1	48.8	42.9	38.1	34.2	31.1	28.5	26.5	24.9	23.7	22.8	22.1	21.6	21.2	20.9	20.8	20.8
5120	945.6	826.5	736.2	655.6	583.3	519.1	461.9	410.8	365	324.2	287.7	254.9	225.4	198.8	174.9	154.2	139.5	127.8	117.4	108.3	100.2	93	86.4	80.2	74.5	69.3	64.5	60.1	56	52.3	49	43.1	38.3	34.4	31.2	28.6	26.6	25	23.8	22.8	22.1	21.6	21.2	21	20.8	20.8
5140	946.3	827.3	737.1	656.6	584.3	520	462.9	411.7	366	325.2	288.6	255.8	226.2	199.6	175.7	154.8	140	128.3	117.8	108.6	100.6	93.4	86.7	80.5	74.8	69.6	64.7	60.3	56.3	52.6	49.2	43.3	38.4	34.5	31.3	28.7	26.7	25.1	23.8	22.9	22.2	21.6	21.2	21	20.8	20.8
5160	947	828	737.9	657.5	585.2	521	463.8	412.7	366.9	326.1	289.5	256.6	227.1	200.4	176.5	155.4	140.5	128.7	118.2	109	100.9	93.7	87	80.8	75.1	69.8	65	60.6	56.5	52.8	49.4	43.5	38.6	34.6	31.4	28.8	26.8	25.1	23.9	22.9	22.2	21.7	21.3	21	20.9	20.8
5180	947.7	828.8	738.8	658.3	586.2	521.9	464.8	413.6	367.8	327	290.4	257.5	227.9	201.2	177.2	156	140.9	129.1	118.6	109.4	101.3	94	87.3	81.1	75.4	70.1	65.3	60.8	56.7	53	49.6	43.7	38.8	34.8	31.5	28.9	26.8	25.2	23.9	23	22.2	21.7	21.3	21	20.9	20.8
5200	948.3	829.5	739.6	659.2	587.1	522.9	465.7	414.6	368.7	327.9	291.2	258.3	228.7	202	178	156.7	141.4	129.6	119	109.8	101.6	94.4	87.6	81.4	75.7	70.4	65.5	61.1	57	53.2	49.8	43.8	38.9	34.9	31.6	29	26.9	25.3	24	23	22.3	21.7	21.3	21.1	20.9	20.9
5220	949	830.3	740.4	660.1	588	523.8	466.7	415.5	369.7	328.8	292.1	259.2	229.5	202.8	178.7	157.3	141.9	130	119.4	110.1	101.9	94.7	87.9	81.7	76	70.7	65.8	61.3	57.2	53.5	50	44	39.1	35	31.8	29.1	27	25.3	24.1	23.1	22.3	21.7	21.3	21.1	20.9	20.9
5240	949.7	831	741.3	661	588.9	524.7	467.6	416.4	370.6	329.7	293	260	230.3	203.6	179.5	158	142.3	130.4	119.8	110.5	102.3	95	88.2	82	76.3	70.9	66.1	61.6	57.4	53.7	50.2	44.2	39.2	35.2	31.9	29.2	27.1	25.4	24.1	23.1	22.3	21.8	21.4	21.1	20.9	20.9
5260	950.4	831.7	742.1	661.9	589.9	525.7	468.5	417.4	371.5	330.5	293.9	260.9	231.2	204.4	180.2	158.7	142.8	130.9	120.2	110.9	102.6	95.3	88.6	82.3	76.5	71.2	66.3	61.8	57.7	53.9	50.4	44.4	39.4	35.3	32	29.3	27.2	25.5	24.2	23.1	22.4	21.8	21.4	21.1	21	20.9
5280	951	832.5	742.9	662.8	590.8	526.6	469.5	418.3	372.4	331.4	294.7	261.7	232	205.1	180.9	159.4	143.3	131.3	120.6	111.2	102.9	95.6	88.9	82.6	76.8	71.5	66.6	62.1	57.9	54.1	50.6	44.6	39.6	35.5	32.1	29.4	27.3	25.6	24.2	23.2	22.4	21.8	21.4	21.1	21	20.9
5300	951.7	833.2	743.7	663.6	591.7	527.5	470.4	419.2	373.3	332.3	295.6	262.6	232.8	205.9	181.7	160	143.8	131.7	121	111.6	103.3	95.9	89.2	82.9	77.1	71.8	66.8	62.3	58.2	54.3	50.9	44.8	39.7	35.6	32.2	29.5	27.3	25.6	24.3	23.2	22.4	21.9	21.4	21.2	21	20.9
5320	952.3	833.9	744.5	664.5	592.6	528.4	471.3	420.1	374.2	333.2	296.4	263.4	233.6	206.7	182.4	160.7	144.3	132.1	121.4	112	103.6	96.3	89.5	83.2	77.4	72	67.1	62.6	58.4	54.6	51.1	44.9	39.9	35.7	32.3	29.6	27.4	25.7	24.3	23.3	22.5	21.9	21.5	21.2	21	21
5340	953	834.6	745.3	665.4	593.5	529.4	472.2	421	375.1	334.1	297.3	264.2	234.4	207.4	183.1	161.4	144.7	132.5	121.8	112.3	104	96.6	89.8	83.5	77.7	72.3	67.4	62.8	58.6	54.8	51.3	45.1	40	35.9	32.5	29.7	27.5	25.8	24.4	23.3	22.5	21.9	21.5	21.2	21	21
5360	953.6	835.4	746.2	666.2	594.4	530.3	473.1	422	376	335	298.2	265.1	235.2	208.2	183.9	162.1	145.2	133	122.2	112.7	104.3	96.9	90.1	83.8	78	72.6	67.6	63.1	58.9	55	51.5	45.3	40.2	36	32.6	29.8	27.6	25.8	24.4	23.4	22.6	22	21.5	21.2	21.1	21
5380	954.3	836.1	747	667.1	595.3	531.2	474.1	422.9	376.9	335.8	299	265.9	236	209	184.6	162.8	145.7	133.4	122.6	113.1	104.7	97.2	90.4	84.1	78.3	72.9	67.9	63.3	59.1	55.2	51.7	45.5	40.4	36.1	32.7	29.9	27.7	25.9	24.5	23.4	22.6	22	21.5	21.3	21.1	21
5400	954.9	836.8	747.8	667.9	596.2	532.1	475	423.8	377.8	336.7	299.9	266.7	236.8	209.8	185.3	163.5	146.2	133.8	123	113.4	105	97.6	90.7	84.4	78.5	73.1	68.1	63.6	59.3	55.5	51.9	45.7	40.5	36.3	32.8	30	27.8	26	24.6	23.5	22.6	22	21.6	21.3	21.1	21
5420	955.6	837.5	748.5	668.8	597.1	533	475.9	424.7	378.7	337.6	300.7	267.5	237.6	210.5	186.1	164.2	146.7	134.2	123.4	113.8	105.4	97.9	91	84.7	78.8	73.4	68.4	63.8	59.6	55.7	52.1	45.9	40.7	36.4	32.9	30.1	27.8	26	24.6	23.5	22.7	22.1	21.6	21.3	21.1	21.1
5440	956.2	838.2	749.3	669.6	598	533.9	476.8	425.6	379.6	338.5	301.6	268.3	238.4	211.3	186.8	164.9	147.2	134.7	123.8	114.2	105.7	98.2	91.4	85	79.1	73.7	68.7	64	59.8	55.9	52.3	46.1	40.9	36.6	33.1	30.2	27.9	26.1	24.7	23.6	22.7	22.1	21.6	21.3	21.1	21.1
5460	956.9	838.9	750.1	670.5	598.9	534.8	477.7	426.5	380.5	339.3	302.4	269.2	239.2	212	187.5	165.6	147.7	135.1	124.2	114.6	106	98.5	91.7	85.3	79.4	74	68.9	64.3	60	56.1	52.5	46.2	41	36.7	33.2	30.3	28	26.2	24.7	23.6	22.8	22.1	21.7	21.3	21.2	21.1
5480	957.5	839.6	750.9	671.3	599.7	535.7	478.6	427.4	381.4	340.2	303.2	270	239.9	212.8	188.3	166.3	148.3	135.5	124.6	114.9	106.4	98.8	92	85.6	79.7	74.2	69.2	64.5	60.3	56.3	52.7	46.4	41.2	36.9	33.3	30.4	28.1	26.3	24.8	23.7	22.8	22.2	21.7	21.4	21.2	21.1
5500	958.1	840.3	751.7	672.2	600.6	536.6	479.5	428.3	382.2	341	304.1	270.8	240.7	213.6	189	166.9	148.8	136	125	115.3	106.7	99.1	92.3	85.9	80	74.5	69.4	64.8	60.5	56.6	53	46.6	41.3	37	33.4	30.5	28.2	26.3	24.9	23.7	22.8	22.2	21.7	21.4	21.2	21.2
5520	958.8	841	752.5	673	601.5	537.5	480.4	429.2	383.1	341.9	304.9	271.6	241.5	214.3	189.7	167.6	149.3	136.4	125.4	115.7	107	99.4	92.6	86.2	80.2	74.8	69.7	65	60.7	56.8	53.2	46.8	41.5	37.1	33.5	30.6	28.3	26.4	24.9	23.8	22.9	22.2	21.7	21.4	21.2	21.2
5540	959.4	841.7	753.2	673.8	602.4	538.3	481.2	430	384	342.7	305.7	272.4	242.3	215.1	190.4	168.3	149.8	136.8	125.8	116	107.4	99.8	92.9	86.5	80.5	75	70	65.3	61	57	53.4	47	41.7	37.3	33.7	30.7	28.4	26.5	25	23.8	22.9	22.3	21.8	21.4	21.3	21.2
5560	960	842.4	754	674.7	603.2	539.2	482.1	430.9	384.9	343.6	306.6	273.2	243.1	215.8	191.1	169	150.4	137.3	126.2	116.4	107.7	100.1	93.2	86.8	80.8	75.3	70.2	65.5	61.2	57.2	53.6	47.2	41.8	37.4	33.8	30.8	28.5	26.6	25	23.9	23	22.3	21.8	21.5	21.3	21.2
5580	960.6	843.1	754.8	675.5	604.1	540.1	483	431.8	385.7	344.4	307.4	274	243.8	216.6	191.8	169.6	150.9	137.7	126.6	116.8	108.1	100.4	93.5	87	81.1	75.6	70.5	65.8	61.4	57.5	53.8	47.4	42	37.6	33.9	30.9	28.5	26.6	25.1	23.9	23	22.3	21.8	21.5	21.3	21.2
5600	961.3	843.7	755.6	676.3	604.9	541	483.9	432.7	386.6	345.3	308.2	274.8	244.6	217.3	192.6	170.3	151.5	138.1	127	117.1	108.4	100.7	93.8	87.3	81.4	75.8	70.7	66	61.7	57.7	54	47.5	42.2	37.7	34	31	28.6	26.7	25.2	24	23.1	22.4	21.9	21.5	21.3	21.3
5620	961.9	844.4	756.3	677.1	605.8	541.8	484.8	433.6	387.5	346.1	309	275.6	245.4	218.1	193.3	171	152	138.6	127.4	117.5	108.7	101	94.1	87.6	81.6	76.1	71	66.3	61.9	57.9	54.2	47.7	42.3	37.8	34.2	31.2	28.7	26.8	25.2	24	23.1	22.4	21.9	21.6	21.4	21.3
5640	962.5	845.1	757.1	677.9	606.7	542.7	485.6	434.4	388.3	347	309.9	276.4	246.2	218.8	194	171.7	152.5	139	127.8	117.9	109.1	101.4	94.4	87.9	81.9	76.4	71.2	66.5	62.1	58.1	54.4	47.9	42.5	38	34.3	31.3	28.8	26.8	25.3	24.1	23.1	22.4	21.9	21.6	21.4	21.3
5660	963.1	845.8	757.8	678.7	607.5	543.6	486.5	435.3	389.2	347.8	310.7	277.2	246.9	219.5	194.7	172.4	153.1	139.4	128.2	118.3	109.4	101.7	94.7	88.2	82.2	76.6	71.5	66.8	62.4	58.3	54.6	48.1	42.7	38.1	34.4	31.4	28.9	26.9	25.4	24.1	23.2	22.5	22	21.6	21.4	21.3
5680	963.7	846.4	758.6	679.5	608.4	544.4	487.4	436.2	390	348.6	311.5	278	247.7	220.3	195.4	173.1	153.6	139.8	128.6	118.6	109.8	101.9	95	88.5	82.5	76.9	71.8	67	62.6	58.6	54.8	48.3	42.8	38.3	34.5	31.5	29	27	25.4	24.2	23.2	22.5	22	21.6	21.4	21.4
5700	964.3	847.1	759.3	680.3	609.2	545.3	488.2	437	390.9	349.5	312.3	278.8	248.5	221	196.2	173.8	154.2	140.2	129	119	110.1	102.2	95.3	88.8	82.8	77.2	72	67.2	62.8	58.8	55	48.5	43	38.4	34.7	31.6	29.1	27.1	25.5	24.2	23.3	22.5	22	21.7	21.5	21.4
5720	964.9	847.8	760.1	681.2	610	546.1	489.1	437.9	391.7	350.3	313.1	279.6	249.2	221.8	196.9	174.5	154.7	140.6	129.4	119.4	110.4	102.6	95.5	89.1	83	77.4	72.3	67.5	63.1	59	55.3	48.7	43.1	38.6	34.8	31.7	29.2	27.2	25.5	24.3	23.3	22.6	22.1	21.7	21.5	21.4
5740	965.5	848.4	760.8	681.9	610.9	547	490	438.7	392.6	351.1	313.9	280.3	250	222.5	197.6	175.2	155.3	141.1	129.8	119.7	110.8	102.9	95.8	89.3	83.3	77.7	72.5	67.7	63.3	59.2	55.5	48.9	43.3	38.7	34.9	31.8	29.3	27.2	25.6	24.3	23.4	22.6	22.1	21.7	21.5	21.4
5760	966.2	849.1	761.6	682.7	611.7	547.8	490.8	439.6	393.4	352	314.7	281.1	250.7	223.2	198.3	175.8	155.8	141.5	130.2	120.1	111.1	103.2	96.1	89.6	83.6	78	72.8	68	63.5	59.4	55.7	49	43.5	38.8	35	31.9	29.4	27.3	25.7	24.4	23.4	22.7	22.1	21.8	21.5	21.5
5780	966.8	849.8	762.3	683.5	612.6	548.7	491.7	440.4	394.3	352.8	315.5	281.9	251.5	224	199	176.5	156.4	141.9	130.6	120.5	111.5	103.5	96.4	89.9	83.9	78.2	73	68.2	63.8	59.7	55.9	49.2	43.6	39	35.2	32	29.4	27.4	25.7	24.4	23.5	22.7	22.1	21.8	21.6	21.5
5800	967.3	850.4	763	684.3	613.4	549.5	492.5	441.3	395.1	353.6	316.3	282.7	252.3	224.7	199.7	177.2	157	142.3	131	120.8	111.8	103.8	96.7	90.2	84.1	78.5	73.3	68.5	64	59.9	56.1	49.4	43.8	39.1	35.3	32.1	29.5	27.5	25.8	24.5	23.5	22.7	22.2	21.8	21.6	21.5
5820	967.9	851.1	763.8	685.1	614.2	550.4	493.3	442.1	395.9	354.4	317.1	283.5	253	225.5	200.5	177.8	157.6	142.7	131.4	121.2	112.1	104.1	97	90.5	84.4	78.8	73.5	68.7	64.2	60.1	56.3	49.6	44	39.3	35.4	32.2	29.6	27.5	25.9	24.6	23.5	22.8	22.2	21.8	21.6	21.5
5840	968.5	851.7	764.5	685.9	615	551.2	494.2	443	396.8	355.2	317.9	284.2	253.8	226.2	201.2	178.5	158.2	143.2	131.7	121.6	112.5	104.5	97.3	90.8	84.7	79	73.8	68.9	64.5	60.3	56.5	49.8	44.1	39.4	35.5	32.3	29.7	27.6	25.9	24.6	23.6	22.8	22.3	21.9	21.6	21.6
5860	969.1	852.4	765.2	686.7	615.8	552	495	443.8	397.6	356.1	318.7	285	254.5	226.9	201.8	179.1	158.8	143.6	132.1	121.9	112.8	104.8	97.6	91.1	85	79.3	74	69.2	64.7	60.5	56.7	50	44.3	39.6	35.7	32.4	29.8	27.7	26	24.7	23.6	22.9	22.3	21.9	21.7	21.6
5880	969.7	853	766	687.5	616.7	552.9	495.9	444.6	398.4	356.9	319.5	285.8	255.3	227.6	202.5	179.8	159.4	144.1	132.5	122.3	113.2	105.1	97.9	91.4	85.2	79.6	74.3	69.4	64.9	60.8	56.9	50.2	44.5	39.7	35.8	32.5	29.9	27.8	26.1	24.7	23.7	22.9	22.3	21.9	21.7	21.6
5900	970.3	853.7	766.7	688.2	617.5	553.7	496.7	445.5	399.3	357.7	320.3	286.6	256	228.4	203.2	180.5	160.1	144.5	132.9	122.6	113.5	105.4	98.3	91.6	85.5	79.8	74.5	69.7	65.1	61	57.1	50.3	44.6	39.9	35.9	32.7	30	27.9	26.1	24.8	23.7	22.9	22.4	22	21.7	21.7
5920	970.9	854.3	767.4	689	618.3	554.5	497.5	446.3	400.1	358.5	321.1	287.3	256.8	229.1	203.9	181.1	160.7	144.9	133.3	123	113.8	105.7	98.6	91.9	85.8	80.1	74.8	69.9	65.4	61.2	57.3	50.5	44.8	40	36	32.8	30.1	27.9	26.2	24.8	23.8	23	22.4	22	21.8	21.7
5940	971.5	854.9	768.1	689.8	619.1	555.4	498.4	447.1	400.9	359.3	321.9	288.1	257.5	229.8	204.6	181.8	161.3	145.4	133.7	123.4	114.2	106	98.8	92.2	86.1	80.3	75.1	70.1	65.6	61.4	57.5	50.7	45	40.2	36.2	32.9	30.2	28	26.3	24.9	23.8	23	22.4	22	21.8	21.7
5960	972	855.6	768.8	690.5	619.9	556.2	499.2	448	401.7	360.1	322.6	288.8	258.3	230.5	205.3	182.4	161.9	145.8	134.1	123.7	114.5	106.3	99.1	92.5	86.3	80.6	75.3	70.4	65.8	61.6	57.8	50.9	45.1	40.3	36.3	33	30.3	28.1	26.3	25	23.9	23.1	22.5	22.1	21.8	21.7
5980	972.6	856.2	769.5	691.3	620.7	557	500	448.8	402.5	360.9	323.4	289.6	259	231.2	206	183.1	162.6	146.3	134.4	124.1	114.9	106.7	99.4	92.8	86.6	80.9	75.6	70.6	66.1	61.9	58	51.1	45.3	40.4	36.4	33.1	30.4	28.2	26.4	25	23.9	23.1	22.5	22.1	21.8	21.8
6000	973.2	856.8	770.2	692	621.5	557.8	500.8	449.6	403.4	361.7	324.2	290.4	259.7	231.9	206.7	183.8	163.2	146.7	134.8	124.5	115.2	107	99.7	93	86.9	81.1	75.8	70.9	66.3	62.1	58.2	51.3	45.5	40.6	36.5	33.2	30.5	28.3	26.5	25.1	24	23.1	22.5	22.1	21.9	21.8
6020	973.8	857.5	770.9	692.8	622.3	558.6	501.6	450.4	404.2	362.5	325	291.1	260.5	232.6	207.4	184.4	163.8	147.2	135.2	124.8	115.5	107.3	100	93.3	87.1	81.4	76.1	71.1	66.5	62.3	58.4	51.5	45.6	40.7	36.7	33.3	30.6	28.3	26.5	25.1	24	23.2	22.6	22.2	21.9	21.8
6040	974.3	858.1	771.6	693.6	623.1	559.4	502.5	451.2	405	363.3	325.8	291.9	261.2	233.3	208	185.1	164.4	147.6	135.6	125.2	115.9	107.6	100.2	93.6	87.4	81.6	76.3	71.3	66.8	62.5	58.6	51.7	45.8	40.9	36.8	33.4	30.7	28.4	26.6	25.2	24.1	23.2	22.6	22.2	21.9	21.9
6060	974.9	858.7	772.3	694.3	623.9	560.2	503.3	452	405.8	364.1	326.5	292.6	261.9	234.1	208.7	185.7	165	148.1	136	125.5	116.2	107.9	100.5	93.9	87.7	81.9	76.6	71.6	67	62.7	58.8	51.8	46	41	36.9	33.5	30.8	28.5	26.7	25.2	24.1	23.3	22.6	22.2	22	21.9
6080	975.5	859.3	773	695	624.6	561	504.1	452.9	406.6	364.9	327.3	293.4	262.6	234.8	209.4	186.4	165.6	148.6	136.4	125.9	116.5	108.2	100.8	94.2	87.9	82.2	76.8	71.8	67.2	62.9	59	52	46.1	41.2	37.1	33.6	30.8	28.6	26.8	25.3	24.2	23.3	22.7	22.3	22	21.9
6100	976	859.9	773.7	695.8	625.4	561.8	504.9	453.7	407.4	365.6	328.1	294.1	263.4	235.5	210.1	187	166.2	149	136.8	126.3	116.9	108.5	101.1	94.4	88.2	82.4	77.1	72.1	67.4	63.2	59.2	52.2	46.3	41.3	37.2	33.8	30.9	28.7	26.8	25.4	24.2	23.4	22.7	22.3	22	22
6120	976.6	860.6	774.4	696.5	626.2	562.6	505.7	454.5	408.2	366.4	328.8	294.9	264.1	236.2	210.8	187.7	166.8	149.5	137.2	126.6	117.2	108.8	101.4	94.7	88.5	82.7	77.3	72.3	67.7	63.4	59.4	52.4	46.5	41.5	37.3	33.9	31	28.7	26.9	25.4	24.3	23.4	22.8	22.3	22.1	22
6140	977.2	861.2	775.1	697.3	627	563.4	506.5	455.3	409	367.2	329.6	295.6	264.8	236.9	211.4	188.3	167.5	150	137.6	127	117.6	109.2	101.7	95	88.8	82.9	77.5	72.5	67.9	63.6	59.6	52.6	46.6	41.6	37.4	34	31.1	28.8	27	25.5	24.3	23.4	22.8	22.4	22.1	22
6160	977.7	861.8	775.8	698	627.8	564.2	507.3	456.1	409.8	368	330.4	296.4	265.5	237.6	212.1	189	168.1	150.5	137.9	127.4	117.9	109.5	102	95.2	89	83.2	77.8	72.8	68.1	63.8	59.8	52.8	46.8	41.8	37.6	34.1	31.2	28.9	27	25.5	24.4	23.5	22.8	22.4	22.1	22
6180	978.3	862.4	776.5	698.7	628.5	565	508.1	456.9	410.6	368.8	331.1	297.1	266.3	238.3	212.8	189.6	168.7	151	138.3	127.7	118.2	109.8	102.2	95.5	89.3	83.5	78	73	68.4	64	60	53	47	41.9	37.7	34.2	31.3	29	27.1	25.6	24.4	23.5	22.9	22.4	22.2	22.1
6200	978.8	863	777.2	699.5	629.3	565.8	508.9	457.7	411.4	369.5	331.9	297.8	267	238.9	213.4	190.2	169.3	151.5	138.7	128.1	118.6	110.1	102.5	95.8	89.5	83.7	78.3	73.3	68.6	64.2	60.2	53.1	47.1	42.1	37.8	34.3	31.4	29.1	27.2	25.7	24.5	23.6	22.9	22.5	22.2	22.1
6220	979.4	863.6	777.8	700.2	630.1	566.6	509.7	458.5	412.2	370.3	332.6	298.6	267.7	239.6	214.1	190.9	169.9	152	139.1	128.5	118.9	110.4	102.8	96.1	89.8	84	78.5	73.5	68.8	64.5	60.5	53.3	47.3	42.2	38	34.4	31.5	29.2	27.2	25.7	24.5	23.6	23	22.5	22.2	22.1
6240	979.9	864.2	778.5	700.9	630.8	567.4	510.5	459.2	412.9	371.1	333.4	299.3	268.4	240.3	214.8	191.5	170.5	152.5	139.5	128.8	119.2	110.7	103.1	96.3	90.1	84.2	78.8	73.7	69	64.7	60.7	53.5	47.5	42.4	38.1	34.5	31.6	29.2	27.3	25.8	24.6	23.7	23	22.5	22.3	22.2
6260	980.5	864.8	779.2	701.6	631.6	568.2	511.3	460	413.7	371.9	334.1	300	269.1	241	215.5	192.2	171.1	152.9	139.9	129.2	119.6	111	103.4	96.6	90.3	84.5	79	74	69.3	64.9	60.9	53.7	47.6	42.5	38.2	34.7	31.7	29.3	27.4	25.8	24.6	23.7	23	22.6	22.3	22.2
6280	981	865.4	779.9	702.4	632.3	568.9	512	460.8	414.5	372.6	334.9	300.8	269.8	241.7	216.1	192.8	171.7	153.4	140.3	129.5	119.9	111.3	103.7	96.9	90.6	84.7	79.3	74.2	69.5	65.1	61.1	53.9	47.8	42.7	38.3	34.8	31.8	29.4	27.5	25.9	24.7	23.8	23.1	22.6	22.3	22.2
6300	981.6	866	780.5	703.1	633.1	569.7	512.8	461.6	415.3	373.4	335.6	301.5	270.5	242.4	216.8	193.5	172.4	153.9	140.6	129.9	120.2	111.6	104	97.2	90.9	85	79.5	74.4	69.7	65.3	61.3	54.1	48	42.8	38.5	34.9	31.9	29.5	27.5	26	24.7	23.8	23.1	22.6	22.4	22.3
6320	982.1	866.6	781.2	703.8	633.8	570.5	513.6	462.4	416.1	374.2	336.4	302.2	271.2	243.1	217.4	194.1	173	154.4	141	130.3	120.6	111.9	104.3	97.4	91.1	85.2	79.8	74.7	69.9	65.5	61.5	54.3	48.1	42.9	38.6	35	32	29.6	27.6	26	24.8	23.8	23.2	22.7	22.4	22.3
6340	982.7	867.2	781.9	704.5	634.6	571.3	514.4	463.2	416.8	374.9	337.1	302.9	271.9	243.8	218.1	194.8	173.6	154.9	141.4	130.6	120.9	112.3	104.6	97.7	91.4	85.5	80	74.9	70.2	65.8	61.7	54.4	48.3	43.1	38.7	35.1	32.1	29.7	27.7	26.1	24.8	23.9	23.2	22.7	22.4	22.3
6360	983.2	867.8	782.5	705.2	635.3	572	515.2	463.9	417.6	375.7	337.9	303.7	272.6	244.4	218.8	195.4	174.2	155.4	141.8	131	121.3	112.6	104.9	98	91.7	85.7	80.2	75.1	70.4	66	61.9	54.6	48.5	43.2	38.9	35.2	32.2	29.8	27.8	26.2	24.9	23.9	23.2	22.8	22.5	22.4
6380	983.7	868.3	783.2	705.9	636.1	572.8	515.9	464.7	418.4	376.4	338.6	304.4	273.3	245.1	219.4	196.1	174.9	155.9	142.1	131.3	121.6	112.9	105.2	98.3	91.9	86	80.5	75.4	70.6	66.2	62.1	54.8	48.6	43.4	39	35.3	32.3	29.8	27.8	26.2	25	24	23.3	22.8	22.5	22.4
6400	984.3	868.9	783.8	706.6	636.8	573.6	516.7	465.5	419.1	377.2	339.3	305.1	274.1	245.8	220.1	196.7	175.5	156.4	142.5	131.7	121.9	113.2	105.5	98.6	92.2	86.3	80.7	75.6	70.8	66.4	62.3	55	48.8	43.5	39.1	35.5	32.4	29.9	27.9	26.3	25	24	23.3	22.8	22.5	22.4
6420	984.8	869.5	784.5	707.3	637.6	574.3	517.5	466.2	419.9	377.9	340.1	305.8	274.7	246.5	220.8	197.3	176.1	157	142.9	132	122.3	113.5	105.7	98.8	92.5	86.5	81	75.8	71.1	66.6	62.5	55.2	49	43.7	39.3	35.6	32.5	30	28	26.4	25.1	24.1	23.4	22.9	22.6	22.5
6440	985.3	870.1	785.1	708	638.3	575.1	518.2	467	420.7	378.7	340.8	306.5	275.4	247.2	221.4	198	176.7	157.5	143.3	132.4	122.6	113.8	106	99.1	92.7	86.8	81.2	76.1	71.3	66.8	62.7	55.4	49.1	43.8	39.4	35.7	32.6	30.1	28.1	26.4	25.1	24.1	23.4	22.9	22.6	22.5
6460	985.9	870.6	785.8	708.7	639	575.8	519	467.8	421.4	379.4	341.5	307.3	276.1	247.9	222.1	198.6	177.3	158.1	143.7	132.7	122.9	114.1	106.3	99.3	93	87	81.5	76.3	71.5	67.1	62.9	55.6	49.3	44	39.5	35.8	32.7	30.2	28.1	26.5	25.2	24.2	23.4	22.9	22.7	22.6
6480	986.4	871.2	786.4	709.4	639.8	576.6	519.8	468.5	422.2	380.2	342.3	308	276.8	248.5	222.7	199.2	177.8	158.6	144.1	133.1	123.3	114.5	106.6	99.6	93.2	87.3	81.7	76.5	71.7	67.3	63.1	55.8	49.5	44.1	39.7	35.9	32.8	30.3	28.2	26.5	25.2	24.2	23.5	23	22.7	22.6
6500	986.9	871.8	787.1	710.1	640.5	577.3	520.5	469.3	422.9	380.9	343	308.7	277.5	249.2	223.4	199.8	178.4	159.2	144.5	133.4	123.6	114.8	106.9	99.9	93.5	87.5	82	76.8	72	67.5	63.3	55.9	49.6	44.3	39.8	36	32.9	30.4	28.3	26.6	25.3	24.3	23.5	23	22.7	22.6
6520	987.4	872.4	787.7	710.8	641.2	578.1	521.3	470.1	423.7	381.7	343.7	309.4	278.2	249.9	224	200.5	179	159.7	144.9	133.8	123.9	115.1	107.2	100.1	93.7	87.8	82.2	77	72.2	67.7	63.5	56.1	49.8	44.4	39.9	36.1	33	30.4	28.4	26.7	25.3	24.3	23.6	23.1	22.8	22.7
6540	987.9	872.9	788.4	711.5	642	578.8	522	470.8	424.5	382.4	344.5	310.1	278.9	250.5	224.7	201.1	179.6	160.3	145.3	134.1	124.3	115.4	107.5	100.4	94	88	82.4	77.2	72.4	67.9	63.7	56.3	50	44.6	40.1	36.3	33.1	30.5	28.4	26.7	25.4	24.4	23.6	23.1	22.8	22.7
6560	988.5	873.5	789	712.2	642.7	579.6	522.8	471.6	425.2	383.2	345.2	310.8	279.6	251.2	225.3	201.7	180.2	160.8	145.7	134.5	124.6	115.7	107.7	100.7	94.3	88.3	82.7	77.5	72.6	68.1	63.9	56.5	50.1	44.7	40.2	36.4	33.2	30.6	28.5	26.8	25.5	24.4	23.7	23.1	22.8	22.7
6580	989	874	789.7	712.9	643.4	580.3	523.5	472.3	425.9	383.9	345.9	311.5	280.3	251.9	226	202.3	180.8	161.4	146.1	134.8	124.9	116	108	101	94.5	88.5	82.9	77.7	72.8	68.3	64.2	56.7	50.3	44.9	40.3	36.5	33.3	30.7	28.6	26.9	25.5	24.5	23.7	23.2	22.9	22.8
6600	989.5	874.6	790.3	713.6	644.1	581	524.3	473.1	426.7	384.6	346.6	312.2	281	252.5	226.6	203	181.4	162	146.5	135.2	125.2	116.3	108.3	101.2	94.8	88.8	83.2	77.9	73.1	68.6	64.4	56.9	50.5	45	40.5	36.6	33.4	30.8	28.7	26.9	25.6	24.5	23.8	23.2	22.9	22.8
6620	990	875.2	790.9	714.2	644.8	581.8	525	473.8	427.4	385.4	347.3	312.9	281.7	253.2	227.3	203.6	182	162.5	146.9	135.5	125.6	116.6	108.6	101.5	95	89	83.4	78.2	73.3	68.8	64.6	57.1	50.6	45.2	40.6	36.7	33.5	30.9	28.7	27	25.6	24.6	23.8	23.3	23	22.9
6640	990.5	875.7	791.6	714.9	645.6	582.5	525.7	474.5	428.2	386.1	348.1	313.6	282.3	253.9	227.9	204.2	182.6	163.1	147.3	135.9	125.9	116.9	108.9	101.7	95.3	89.3	83.6	78.4	73.5	69	64.8	57.2	50.8	45.3	40.7	36.8	33.6	31	28.8	27.1	25.7	24.6	23.8	23.3	23	22.9
6660	991	876.3	792.2	715.6	646.3	583.3	526.5	475.3	428.9	386.8	348.8	314.3	283	254.5	228.5	204.8	183.2	163.7	147.7	136.2	126.2	117.2	109.2	102	95.5	89.5	83.9	78.6	73.7	69.2	65	57.4	51	45.5	40.9	37	33.7	31.1	28.9	27.1	25.8	24.7	23.9	23.4	23	22.9
6680	991.5	876.8	792.8	716.3	647	584	527.2	476	429.7	387.5	349.5	315	283.7	255.2	229.2	205.4	183.8	164.2	148.2	136.6	126.6	117.5	109.5	102.2	95.8	89.7	84.1	78.9	74	69.4	65.2	57.6	51.1	45.6	41	37.1	33.8	31.2	29	27.2	25.8	24.7	23.9	23.4	23.1	23
6700	992.1	877.4	793.5	716.9	647.7	584.7	528	476.8	430.4	388.3	350.2	315.7	284.4	255.8	229.8	206	184.4	164.8	148.6	136.9	126.9	117.8	109.7	102.5	96	90	84.3	79.1	74.2	69.6	65.4	57.8	51.3	45.8	41.1	37.2	33.9	31.2	29	27.3	25.9	24.8	24	23.4	23.1	23
6720	992.6	877.9	794.1	717.6	648.4	585.4	528.7	477.5	431.1	389	350.9	316.4	285	256.5	230.4	206.7	185	165.3	149	137.3	127.2	118.2	110	102.8	96.3	90.2	84.6	79.3	74.4	69.8	65.6	58	51.5	45.9	41.3	37.3	34	31.3	29.1	27.3	25.9	24.8	24	23.5	23.2	23
6740	993.1	878.5	794.7	718.3	649.1	586.2	529.4	478.2	431.9	389.7	351.6	317.1	285.7	257.1	231.1	207.3	185.5	165.9	149.5	137.7	127.6	118.5	110.3	103	96.5	90.5	84.8	79.5	74.6	70	65.8	58.2	51.6	46.1	41.4	37.4	34.1	31.4	29.2	27.4	26	24.9	24.1	23.5	23.2	23.1
6760	993.6	879	795.3	719	649.8	586.9	530.1	479	432.6	390.4	352.3	317.8	286.4	257.8	231.7	207.9	186.1	166.4	149.9	138	127.9	118.8	110.6	103.3	96.8	90.7	85.1	79.8	74.8	70.2	66	58.3	51.8	46.2	41.5	37.6	34.3	31.5	29.3	27.5	26.1	24.9	24.1	23.6	23.2	23.1
6780	994.1	879.6	795.9	719.6	650.5	587.6	530.9	479.7	433.3	391.2	353	318.5	287.1	258.4	232.3	208.5	186.7	167	150.3	138.4	128.2	119.1	110.9	103.6	97	91	85.3	80	75.1	70.5	66.2	58.5	52	46.4	41.7	37.7	34.4	31.6	29.4	27.6	26.1	25	24.2	23.6	23.3	23.2
6800	994.6	880.1	796.6	720.3	651.2	588.3	531.6	480.4	434	391.9	353.7	319.1	287.7	259.1	233	209.1	187.3	167.5	150.8	138.7	128.6	119.4	111.2	103.8	97.3	91.2	85.5	80.2	75.3	70.7	66.4	58.7	52.1	46.5	41.8	37.8	34.5	31.7	29.4	27.6	26.2	25.1	24.2	23.7	23.3	23.2
6820	995.1	880.6	797.2	720.9	651.9	589	532.3	481.1	434.8	392.6	354.4	319.8	288.4	259.7	233.6	209.7	187.9	168.1	151.2	139.1	128.9	119.7	111.5	104.1	97.6	91.5	85.8	80.4	75.5	70.9	66.6	58.9	52.3	46.7	41.9	37.9	34.6	31.8	29.5	27.7	26.2	25.1	24.3	23.7	23.4	23.3
6840	995.6	881.2	797.8	721.6	652.6	589.7	533	481.9	435.5	393.3	355.1	320.5	289	260.4	234.2	210.3	188.4	168.6	151.7	139.4	129.2	120	111.8	104.4	97.8	91.7	86	80.7	75.7	71.1	66.8	59.1	52.5	46.8	42.1	38	34.7	31.9	29.6	27.8	26.3	25.2	24.3	23.7	23.4	23.3
6860	996.1	881.7	798.4	722.2	653.3	590.5	533.8	482.6	436.2	394	355.8	321.2	289.7	261	234.8	210.9	189	169.2	152.1	139.8	129.5	120.3	112	104.7	98.1	92	86.2	80.9	75.9	71.3	67	59.3	52.6	47	42.2	38.1	34.8	32	29.7	27.8	26.4	25.2	24.4	23.8	23.4	23.3
6880	996.5	882.2	799	722.9	653.9	591.2	534.5	483.3	436.9	394.7	356.5	321.9	290.4	261.7	235.5	211.5	189.6	169.7	152.6	140.1	129.9	120.6	112.3	104.9	98.3	92.2	86.5	81.1	76.2	71.5	67.2	59.5	52.8	47.1	42.3	38.3	34.9	32.1	29.8	27.9	26.4	25.3	24.4	23.8	23.5	23.4
6900	997	882.8	799.6	723.5	654.6	591.9	535.2	484	437.6	395.4	357.2	322.5	291	262.3	236.1	212.1	190.2	170.3	153	140.5	130.2	120.9	112.6	105.2	98.6	92.5	86.7	81.4	76.4	71.7	67.4	59.6	53	47.3	42.5	38.4	35	32.2	29.8	28	26.5	25.3	24.5	23.9	23.5	23.4
6920	997.5	883.3	800.2	724.2	655.3	592.6	535.9	484.7	438.3	396.1	357.9	323.2	291.7	263	236.7	212.7	190.8	170.8	153.5	140.8	130.5	121.2	112.9	105.5	98.8	92.7	87	81.6	76.6	71.9	67.6	59.8	53.1	47.4	42.6	38.5	35.1	32.3	29.9	28	26.5	25.4	24.5	23.9	23.6	23.5
6940	998	883.8	800.8	724.8	656	593.3	536.6	485.4	439	396.8	358.6	323.9	292.3	263.6	237.3	213.3	191.3	171.4	153.9	141.2	130.9	121.6	113.2	105.7	99.1	92.9	87.2	81.8	76.8	72.1	67.8	60	53.3	47.6	42.7	38.6	35.2	32.3	30	28.1	26.6	25.4	24.6	24	23.6	23.5
6960	998.5	884.4	801.4	725.5	656.7	594	537.3	486.1	439.7	397.5	359.3	324.6	293	264.2	237.9	213.9	191.9	172	154.4	141.5	131.2	121.9	113.5	106	99.3	93.2	87.4	82	77	72.4	68	60.2	53.5	47.7	42.9	38.7	35.3	32.4	30.1	28.2	26.7	25.5	24.6	24	23.7	23.5
6980	999	884.9	802	726.1	657.3	594.7	538	486.9	440.5	398.2	359.9	325.2	293.7	264.9	238.6	214.5	192.5	172.5	154.8	141.9	131.5	122.2	113.8	106.3	99.5	93.4	87.6	82.3	77.2	72.6	68.2	60.4	53.6	47.9	43	38.9	35.4	32.5	30.2	28.3	26.7	25.6	24.7	24.1	23.7	23.6
7000	999.5	885.4	802.6	726.8	658	595.4	538.7	487.6	441.2	398.9	360.6	325.9	294.3	265.5	239.2	215.1	193.1	173.1	155.3	142.2	131.9	122.5	114.1	106.5	99.8	93.6	87.9	82.5	77.5	72.8	68.4	60.6	53.8	48	43.1	39	35.5	32.6	30.3	28.3	26.8	25.6	24.7	24.1	23.8	23.6
7020	1000	885.9	803.2	727.4	658.7	596.1	539.4	488.3	441.9	399.6	361.3	326.6	295	266.1	239.8	215.7	193.7	173.6	155.7	142.6	132.2	122.8	114.4	106.8	100	93.9	88.1	82.7	77.7	73	68.6	60.7	54	48.2	43.3	39.1	35.6	32.7	30.3	28.4	26.9	25.7	24.8	24.2	23.8	23.7
7040	1000.4	886.4	803.8	728	659.3	596.8	540.1	489	442.6	400.3	362	327.2	295.6	266.8	240.4	216.3	194.3	174.2	156.2	142.9	132.5	123.1	114.6	107.1	100.3	94.1	88.3	82.9	77.9	73.2	68.8	60.9	54.1	48.3	43.4	39.2	35.7	32.8	30.4	28.5	26.9	25.7	24.8	24.2	23.8	23.7
7060	1000.9	887	804.4	728.7	660	597.5	540.8	489.7	443.3	401	362.7	327.9	296.3	267.4	241	216.9	194.8	174.8	156.7	143.3	132.8	123.4	114.9	107.3	100.6	94.4	88.6	83.2	78.1	73.4	69	61.1	54.3	48.5	43.5	39.3	35.8	32.9	30.5	28.5	27	25.8	24.9	24.3	23.9	23.8
7080	1001.4	887.5	805	729.3	660.7	598.2	541.5	490.4	444	401.7	363.3	328.6	296.9	268	241.6	217.5	195.4	175.3	157.2	143.6	133.1	123.7	115.2	107.6	100.8	94.6	88.8	83.4	78.3	73.6	69.2	61.3	54.5	48.6	43.7	39.5	35.9	33	30.6	28.6	27.1	25.8	24.9	24.3	23.9	23.8
7100	1001.9	888	805.6	729.9	661.3	598.8	542.2	491.1	444.7	402.4	364	329.2	297.5	268.7	242.2	218.1	196	175.8	157.7	144	133.4	124	115.5	107.9	101.1	94.9	89	83.6	78.5	73.8	69.4	61.5	54.7	48.8	43.8	39.6	36	33.1	30.7	28.7	27.1	25.9	25	24.4	24	23.9
7120	1002.3	888.5	806.1	730.6	662	599.5	542.9	491.8	445.3	403.1	364.7	329.9	298.2	269.3	242.9	218.7	196.6	176.4	158.1	144.4	133.8	124.3	115.8	108.1	101.3	95.1	89.3	83.8	78.8	74	69.6	61.7	54.8	48.9	43.9	39.7	36.2	33.2	30.8	28.8	27.2	26	25	24.4	24	23.9
7140	1002.8	889	806.7	731.2	662.7	600.2	543.6	492.5	446	403.8	365.4	330.5	298.8	269.9	243.5	219.3	197.1	176.9	158.6	144.7	134.1	124.6	116.1	108.4	101.5	95.3	89.5	84.1	79	74.2	69.8	61.8	55	49.1	44.1	39.8	36.3	33.3	30.8	28.8	27.2	26	25.1	24.5	24.1	24
7160	1003.3	889.5	807.3	731.8	663.3	600.9	544.3	493.1	446.7	404.5	366	331.2	299.5	270.5	244.1	219.9	197.7	177.4	159.2	145.1	134.4	124.9	116.4	108.7	101.8	95.5	89.7	84.3	79.2	74.4	70	62	55.2	49.2	44.2	40	36.4	33.4	30.9	28.9	27.3	26.1	25.1	24.5	24.1	24
7180	1003.8	890	807.9	732.4	664	601.6	545	493.8	447.4	405.1	366.7	331.8	300.1	271.2	244.7	220.5	198.3	178	159.7	145.5	134.7	125.2	116.6	108.9	102	95.8	90	84.5	79.4	74.6	70.2	62.2	55.3	49.4	44.4	40.1	36.5	33.5	31	29	27.4	26.1	25.2	24.5	24.2	24
7200	1004.2	890.5	808.5	733	664.6	602.3	545.7	494.5	448.1	405.8	367.4	332.5	300.7	271.8	245.3	221	198.8	178.5	160.2	145.8	135.1	125.5	116.9	109.2	102.3	96	90.2	84.7	79.6	74.9	70.4	62.4	55.5	49.6	44.5	40.2	36.6	33.6	31.1	29.1	27.4	26.2	25.2	24.6	24.2	24.1
